x,quality,dead,toolate,makespan
0, 2723,8,3,1575
1, 2487,8,2,1411
2, 2487,8,2,1554
3, 2487,6,2,1310
4, 2487,5,2,1538
5, 2477,7,2,1390
6, 2477,6,3,1252
7, 2458,6,2,1398
8, 2433,6,2,1439
9, 2329,6,2,1254
10, 2329,6,2,1206
11, 2329,5,2,1118
12, 2321,5,3,1306
13, 2321,5,2,1398
14, 2321,6,2,1359
15, 2321,6,1,1247
16, 2257,5,2,1227
17, 2257,5,2,1227
18, 2257,5,4,1363
19, 2257,5,3,1306
20, 2257,5,2,1204
21, 2257,5,2,1330
22, 2232,5,1,1200
23, 2219,5,2,1192
24, 2122,5,2,1237
25, 2122,5,2,1307
26, 2122,5,2,1304
27, 2122,6,2,1253
28, 2122,4,3,1264
29, 2122,4,3,1264
30, 2122,4,2,1330
31, 2122,4,1,1274
32, 2122,4,2,1305
33, 2122,6,2,1320
34, 2122,4,2,1317
35, 2122,4,2,1317
36, 2122,4,2,1317
37, 2122,4,2,1320
38, 2122,4,2,1265
39, 2122,4,2,1208
40, 2122,4,2,1307
41, 2122,4,2,1247
42, 2120,6,2,1207
43, 2108,4,2,1208
44, 2108,4,2,1208
45, 2108,5,3,1361
46, 2108,5,2,1192
47, 2108,4,2,1192
48, 2108,4,2,1217
49, 2108,4,2,1208
50, 2108,5,3,1272
51, 2108,4,2,1208
52, 2108,4,2,1208
53, 2102,4,2,1298
54, 2102,4,3,1208
55, 2102,4,2,1208
56, 2102,4,2,1208
57, 2102,4,2,1208
58, 2102,4,2,1208
59, 2102,4,2,1208
60, 2102,4,2,1208
61, 2102,4,2,1208
62, 2102,4,2,1223
63, 2102,4,2,1208
64, 2102,4,2,1208
65, 2102,4,2,1192
66, 2102,4,2,1192
67, 2092,4,2,1192
68, 2092,4,2,1192
69, 2092,5,2,1192
70, 2092,4,2,1192
71, 2092,4,2,1192
72, 2092,4,2,1192
73, 2092,4,2,1192
74, 2092,4,2,1192
75, 2092,4,2,1192
76, 2092,5,2,1192
77, 2083,4,2,1192
78, 2083,4,2,1192
79, 2083,4,2,1192
80, 2071,4,2,1192
81, 2071,4,2,1192
82, 2071,4,2,1192
83, 2071,4,2,1192
84, 2071,4,2,1192
85, 2071,4,2,1192
86, 2071,4,2,1192
87, 2062,4,2,1192
88, 2062,4,2,1192
89, 2062,4,2,1153
90, 2062,4,2,1153
91, 2062,4,2,1121
92, 2062,4,2,1121
93, 2062,4,2,1236
94, 2062,4,2,1121
95, 2062,4,2,1121
96, 2062,4,2,1196
97, 2062,4,2,1153
98, 2062,4,2,1121
99, 2062,5,2,1189
100, 2062,4,2,1121
101, 2062,4,2,1121
102, 2062,4,2,1121
103, 2062,4,2,1146
104, 2062,4,2,1121
105, 2062,4,2,1146
106, 2062,4,2,1146
107, 2062,4,2,1146
108, 2062,4,2,1146
109, 2060,4,2,1146
110, 2060,4,2,1146
111, 2060,5,2,1209
112, 2060,4,2,1146
113, 2060,4,2,1146
114, 2060,4,2,1146
115, 2060,4,2,1146
116, 2060,4,2,1146
117, 2060,4,2,1146
118, 2060,4,2,1146
119, 2060,4,2,1146
120, 2060,4,2,1146
121, 2060,4,2,1188
122, 2060,4,2,1146
123, 2060,4,2,1146
124, 2060,5,2,1146
125, 2060,4,2,1146
126, 2060,4,2,1146
127, 2060,4,2,1146
128, 2060,4,2,1146
129, 2060,4,2,1146
130, 2060,4,2,1146
131, 2060,4,2,1146
132, 2060,4,2,1146
133, 2060,4,2,1146
134, 2060,4,2,1121
135, 2060,4,2,1166
136, 2060,4,2,1146
137, 2060,4,2,1146
138, 2060,4,2,1146
139, 2060,4,2,1121
140, 2060,4,2,1121
141, 2060,4,2,1146
142, 2060,4,2,1146
143, 2060,4,2,1146
144, 2060,4,2,1146
145, 2060,4,2,1121
146, 2060,4,2,1227
147, 2060,4,2,1224
148, 2060,4,2,1146
149, 2060,5,2,1146
150, 2060,4,2,1121
151, 2060,4,2,1146
152, 2060,4,2,1121
153, 2060,4,2,1121
154, 2060,4,2,1146
155, 2060,4,2,1221
156, 2060,4,2,1146
157, 2060,4,2,1146
158, 2060,4,2,1146
159, 2060,4,2,1146
160, 2060,4,2,1146
161, 2060,4,2,1146
162, 2060,4,2,1146
163, 2060,4,2,1146
164, 2060,4,2,1146
165, 2060,4,2,1146
166, 2060,4,2,1167
167, 2060,4,2,1146
168, 2060,4,2,1146
169, 2060,4,2,1146
170, 2060,4,2,1146
171, 2060,4,2,1146
172, 2060,4,2,1208
173, 2060,4,2,1146
174, 2060,5,2,1164
175, 2060,4,2,1146
176, 2060,4,2,1146
177, 2060,4,2,1146
178, 2060,4,2,1146
179, 2060,4,2,1146
180, 2060,4,2,1146
181, 2060,4,2,1146
182, 2060,4,2,1146
183, 2060,4,2,1146
184, 2060,4,2,1146
185, 2060,4,2,1146
186, 2060,4,2,1146
187, 2060,4,2,1146
188, 2060,4,2,1146
189, 2060,5,2,1146
190, 2060,4,2,1146
191, 2060,4,2,1199
192, 2060,4,2,1146
193, 2060,4,2,1146
194, 2060,4,2,1182
195, 2060,4,2,1146
196, 2060,4,2,1121
197, 2060,4,2,1146
198, 2060,4,2,1146
199, 2060,4,2,1146
200, 2060,4,2,1146
201, 2060,4,2,1212
202, 2060,4,2,1146
203, 2060,4,2,1211
204, 2060,4,2,1171
205, 2060,4,2,1146
206, 2060,4,2,1146
207, 2060,4,2,1178
208, 2060,4,2,1121
209, 2060,4,2,1146
210, 2060,4,2,1192
211, 2060,4,2,1146
212, 2060,4,2,1146
213, 2060,4,2,1202
214, 2060,4,2,1202
215, 2060,4,2,1146
216, 2060,4,2,1146
217, 2060,4,2,1202
218, 2060,4,2,1146
219, 2060,4,2,1146
220, 2060,4,2,1146
221, 2060,4,2,1236
222, 2060,4,2,1146
223, 2060,4,2,1146
224, 2060,4,2,1146
225, 2060,4,2,1146
226, 2060,4,2,1146
227, 2060,4,2,1146
228, 2060,4,2,1146
229, 2060,4,2,1146
230, 2060,4,2,1146
231, 2060,4,2,1195
232, 2060,4,2,1146
233, 2060,4,2,1146
234, 2060,4,2,1146
235, 2060,4,2,1286
236, 2060,4,2,1146
237, 2050,4,2,1146
238, 2050,4,2,1146
239, 2050,4,2,1146
240, 2050,4,2,1146
241, 2050,5,2,1146
242, 2050,4,2,1146
243, 2050,4,2,1146
244, 2050,4,2,1146
245, 2046,4,2,1146
246, 2046,4,2,1146
247, 2046,4,2,1146
248, 2046,4,2,1146
249, 2046,4,2,1146
250, 2046,4,2,1146
251, 2046,4,2,1146
252, 2046,4,2,1146
253, 2046,4,2,1146
254, 2046,4,2,1146
255, 2046,4,2,1146
256, 2046,4,2,1146
257, 2046,4,2,1146
258, 2046,4,2,1146
259, 2046,4,2,1146
260, 2046,4,2,1236
261, 2046,4,2,1146
262, 2046,4,2,1146
263, 2046,4,2,1146
264, 2046,4,2,1146
265, 2046,4,2,1159
266, 2046,4,2,1146
267, 2046,4,2,1146
268, 2046,4,2,1121
269, 2046,4,2,1121
270, 2046,4,2,1146
271, 2046,4,2,1261
272, 2046,4,2,1184
273, 2046,4,2,1146
274, 2046,4,2,1146
275, 2046,4,2,1146
276, 2046,4,2,1146
277, 2046,4,2,1146
278, 2046,4,2,1251
279, 2046,4,2,1146
280, 2046,4,2,1146
281, 2046,4,3,1121
282, 2046,4,2,1146
283, 2046,4,2,1146
284, 2046,4,2,1146
285, 2046,4,2,1146
286, 2046,4,2,1146
287, 2046,4,2,1146
288, 2046,4,2,1146
289, 2046,4,2,1146
290, 2046,4,2,1212
291, 2046,4,2,1196
292, 2046,4,2,1231
293, 2046,4,2,1146
294, 2046,4,2,1146
295, 2041,4,2,1146
296, 2041,4,2,1146
297, 2041,4,2,1146
298, 2041,4,2,1146
299, 2041,4,2,1136
300, 2041,4,2,1146
301, 2041,4,2,1146
302, 2041,4,2,1149
303, 2041,4,2,1146
304, 2041,4,2,1146
305, 2041,4,2,1146
306, 2041,4,2,1121
307, 2041,4,2,1121
308, 2041,4,2,1121
309, 2041,4,2,1121
310, 2041,4,2,1121
311, 2041,4,2,1121
312, 2041,4,2,1121
313, 2041,4,2,1121
314, 2041,4,2,1121
315, 2041,4,2,1229
316, 2041,4,2,1121
317, 2041,4,2,1121
318, 2041,4,2,1121
319, 2041,4,2,1121
320, 2041,4,2,1121
321, 2041,4,2,1121
322, 2041,4,2,1121
323, 2041,4,2,1121
324, 2041,4,2,1121
325, 2041,4,2,1121
326, 2041,4,2,1121
327, 2041,4,2,1121
328, 2041,4,2,1121
329, 2041,4,2,1193
330, 2041,4,2,1193
331, 2041,4,2,1121
332, 2041,4,2,1121
333, 2041,4,2,1121
334, 2041,4,2,1121
335, 2041,4,2,1121
336, 2041,4,2,1121
337, 2041,4,2,1121
338, 2041,4,2,1121
339, 2041,4,2,1121
340, 2041,4,2,1121
341, 2041,4,2,1121
342, 2041,4,2,1121
343, 2041,4,2,1121
344, 2041,4,2,1121
345, 2041,4,2,1121
346, 2041,4,2,1121
347, 2041,4,2,1121
348, 2041,4,2,1121
349, 2041,4,2,1241
350, 2041,4,2,1121
351, 2041,4,2,1121
352, 2041,4,2,1121
353, 2041,4,2,1121
354, 2041,4,2,1143
355, 2041,4,2,1121
356, 2041,4,2,1152
357, 2041,4,2,1121
358, 2041,4,2,1121
359, 2041,4,2,1121
360, 2041,4,2,1121
361, 2041,4,2,1207
362, 2041,4,2,1121
363, 2041,4,2,1159
364, 2041,5,2,1251
365, 2041,4,2,1121
366, 2041,4,2,1121
367, 2041,4,2,1121
368, 2041,4,2,1121
369, 2041,4,2,1129
370, 2041,4,2,1121
371, 2041,4,2,1167
372, 2041,4,2,1121
373, 2041,4,2,1121
374, 2041,4,2,1121
375, 2041,4,2,1121
376, 2041,4,2,1121
377, 2041,4,2,1121
378, 2041,4,2,1121
379, 2041,4,2,1121
380, 2041,4,2,1121
381, 2041,4,2,1121
382, 2041,4,2,1121
383, 2041,4,2,1203
384, 2041,4,2,1227
385, 2041,4,2,1121
386, 2041,4,2,1203
387, 2041,4,2,1121
388, 2041,4,2,1121
389, 2041,4,2,1121
390, 2041,4,2,1121
391, 2041,4,2,1121
392, 2041,4,2,1203
393, 2041,4,2,1121
394, 2041,4,2,1121
395, 2041,4,2,1121
396, 2041,4,2,1193
397, 2041,4,2,1185
398, 2041,4,2,1121
399, 2041,4,2,1121
400, 2041,4,2,1121
401, 2041,4,2,1121
402, 2041,4,2,1180
403, 2041,5,2,1121
404, 2041,4,2,1121
405, 2041,4,2,1121
406, 2041,4,2,1121
407, 2041,4,2,1121
408, 2041,4,2,1160
409, 2041,4,2,1250
410, 2041,4,2,1121
411, 2041,4,2,1121
412, 2041,4,2,1121
413, 2041,4,2,1121
414, 2041,4,2,1121
415, 2041,4,2,1121
416, 2041,4,2,1121
417, 2041,4,2,1121
418, 2041,4,2,1121
419, 2041,5,2,1231
420, 2041,4,2,1121
421, 2041,4,2,1121
422, 2041,4,2,1121
423, 2041,4,2,1121
424, 2041,4,2,1261
425, 2041,4,2,1121
426, 2041,4,2,1121
427, 2041,4,2,1121
428, 2041,4,2,1121
429, 2041,4,2,1121
430, 2041,4,2,1121
431, 2041,4,2,1213
432, 2041,4,2,1121
433, 2041,4,2,1121
434, 2041,4,2,1121
435, 2041,4,2,1273
436, 2041,4,2,1121
437, 2041,4,2,1261
438, 2041,4,2,1121
439, 2041,4,2,1121
440, 2041,4,2,1150
441, 2041,4,2,1121
442, 2041,4,2,1121
443, 2041,4,2,1121
444, 2041,4,2,1121
445, 2041,4,2,1121
446, 2041,4,2,1121
447, 2041,4,2,1121
448, 2041,4,2,1121
449, 2041,4,2,1141
450, 2041,4,2,1121
451, 2041,4,2,1121
452, 2041,5,2,1164
453, 2041,4,2,1121
454, 2041,4,2,1121
455, 2041,4,2,1121
456, 2041,4,2,1121
457, 2041,4,2,1121
458, 2041,4,2,1121
459, 2041,4,2,1121
460, 2041,4,2,1121
461, 2041,4,2,1121
462, 2041,4,2,1121
463, 2041,4,2,1169
464, 2041,4,2,1121
465, 2041,4,2,1121
466, 2041,4,2,1121
467, 2041,4,2,1169
468, 2041,4,2,1121
469, 2041,4,2,1121
470, 2041,4,2,1121
471, 2041,4,2,1121
472, 2041,4,2,1121
473, 2041,4,2,1121
474, 2041,4,2,1121
475, 2041,4,2,1154
476, 2041,4,2,1121
477, 2041,4,2,1121
478, 2041,4,2,1121
479, 2041,4,2,1121
480, 2041,4,2,1121
481, 2041,4,2,1121
482, 2041,4,2,1121
483, 2041,5,2,1121
484, 2041,4,2,1121
485, 2041,4,2,1121
486, 2041,4,2,1121
487, 2041,4,2,1121
488, 2041,4,2,1121
489, 2041,4,2,1121
490, 2041,4,2,1121
491, 2041,4,2,1121
492, 2041,4,2,1121
493, 2041,5,2,1183
494, 2041,4,2,1121
495, 2041,4,2,1121
496, 2041,4,2,1121
497, 2041,4,2,1121
498, 2041,4,2,1121
499, 2041,5,2,1164
500, 2041,4,2,1121
501, 2041,4,2,1183
502, 2041,4,2,1121
503, 2041,4,2,1121
504, 2041,4,2,1121
505, 2041,4,2,1236
506, 2041,4,2,1121
507, 2041,4,2,1121
508, 2041,4,2,1121
509, 2041,4,2,1147
510, 2041,4,2,1121
511, 2041,4,2,1121
512, 2041,4,2,1121
513, 2041,4,2,1121
514, 2041,4,2,1121
515, 2041,4,2,1121
516, 2041,4,2,1135
517, 2041,4,2,1121
518, 2041,4,2,1121
519, 2041,4,2,1203
520, 2041,4,2,1121
521, 2041,4,2,1121
522, 2041,4,2,1121
523, 2041,5,2,1251
524, 2041,4,2,1124
525, 2041,5,2,1121
526, 2041,4,2,1121
527, 2041,4,2,1121
528, 2041,5,2,1215
529, 2041,4,2,1121
530, 2041,4,2,1121
531, 2041,4,2,1121
532, 2041,4,2,1121
533, 2041,4,2,1121
534, 2041,4,2,1150
535, 2041,4,2,1121
536, 2041,4,2,1261
537, 2041,4,2,1121
538, 2041,4,2,1121
539, 2041,4,2,1121
540, 2041,4,2,1233
541, 2041,4,2,1121
542, 2041,4,2,1121
543, 2041,4,2,1188
544, 2041,4,2,1121
545, 2041,4,2,1121
546, 2041,4,2,1121
547, 2041,4,2,1154
548, 2041,4,2,1121
549, 2041,4,2,1121
550, 2041,4,2,1121
551, 2041,4,2,1121
552, 2041,4,2,1147
553, 2041,4,2,1121
554, 2041,4,2,1121
555, 2041,4,2,1151
556, 2041,5,2,1167
557, 2041,4,2,1121
558, 2041,4,2,1121
559, 2041,4,2,1121
560, 2041,4,2,1121
561, 2041,4,2,1121
562, 2041,4,2,1121
563, 2041,4,2,1121
564, 2041,4,2,1121
565, 2041,4,2,1206
566, 2041,4,2,1206
567, 2041,4,2,1121
568, 2041,4,2,1121
569, 2041,4,2,1121
570, 2041,4,2,1121
571, 2041,4,2,1121
572, 2041,4,2,1121
573, 2041,4,2,1121
574, 2041,4,2,1121
575, 2041,4,2,1121
576, 2041,4,2,1121
577, 2041,4,2,1121
578, 2041,4,2,1258
579, 2041,4,2,1121
580, 2041,4,2,1121
581, 2041,4,2,1121
582, 2041,4,2,1213
583, 2041,4,2,1121
584, 2041,4,2,1121
585, 2041,4,2,1121
586, 2041,4,2,1121
587, 2041,4,2,1121
588, 2041,4,2,1121
589, 2041,4,2,1121
590, 2041,4,2,1121
591, 2041,4,2,1178
592, 2041,4,2,1121
593, 2041,4,2,1121
594, 2041,4,2,1121
595, 2041,4,2,1121
596, 2041,4,2,1221
597, 2041,4,2,1121
598, 2041,5,2,1121
599, 2041,4,2,1121
600, 2041,4,2,1121
601, 2041,4,2,1121
602, 2041,4,2,1121
603, 2041,4,2,1121
604, 2041,4,2,1121
605, 2041,4,2,1121
606, 2041,4,2,1278
607, 2041,4,2,1123
608, 2041,4,2,1121
609, 2041,4,2,1160
610, 2041,4,2,1188
611, 2041,5,2,1160
612, 2041,4,2,1121
613, 2041,4,2,1188
614, 2041,4,2,1142
615, 2041,4,2,1121
616, 2041,4,2,1131
617, 2041,4,2,1253
618, 2041,4,2,1180
619, 2041,4,2,1121
620, 2041,4,2,1121
621, 2041,4,2,1121
622, 2041,4,2,1262
623, 2041,4,2,1121
624, 2041,4,2,1121
625, 2041,4,2,1121
626, 2041,4,2,1121
627, 2041,4,2,1221
628, 2041,4,2,1121
629, 2041,4,2,1209
630, 2041,4,2,1121
631, 2041,4,2,1167
632, 2041,4,2,1123
633, 2041,4,2,1121
634, 2041,4,2,1121
635, 2041,4,2,1193
636, 2041,4,2,1121
637, 2041,4,2,1247
638, 2041,4,2,1121
639, 2041,4,2,1233
640, 2041,4,2,1121
641, 2041,4,2,1163
642, 2041,4,2,1121
643, 2041,4,2,1121
644, 2041,4,2,1121
645, 2041,4,2,1121
646, 2041,4,2,1121
647, 2041,4,2,1121
648, 2041,4,2,1121
649, 2041,4,2,1121
650, 2041,4,2,1121
651, 2041,4,2,1121
652, 2041,4,2,1121
653, 2041,4,2,1121
654, 2041,4,2,1121
655, 2041,4,2,1121
656, 2041,4,2,1121
657, 2041,4,2,1253
658, 2041,4,2,1121
659, 2041,4,2,1137
660, 2041,4,2,1137
661, 2041,4,2,1226
662, 2041,4,2,1121
663, 2041,4,2,1121
664, 2041,4,2,1121
665, 2041,4,2,1160
666, 2041,4,2,1131
667, 2041,4,2,1121
668, 2041,4,2,1121
669, 2041,4,2,1121
670, 2041,4,2,1121
671, 2041,4,2,1121
672, 2041,4,2,1121
673, 2041,4,2,1190
674, 2041,5,2,1121
675, 2041,4,2,1121
676, 2041,4,2,1170
677, 2041,4,2,1121
678, 2041,4,2,1121
679, 2041,5,2,1251
680, 2041,4,2,1121
681, 2041,4,2,1121
682, 2041,4,2,1121
683, 2041,4,2,1121
684, 2041,4,2,1121
685, 2041,4,2,1146
686, 2041,4,2,1121
687, 2041,4,2,1121
688, 2041,4,2,1121
689, 2041,4,2,1121
690, 2041,4,2,1121
691, 2041,4,2,1121
692, 2041,4,2,1121
693, 2041,4,2,1121
694, 2041,4,2,1121
695, 2041,4,2,1121
696, 2041,4,2,1121
697, 2041,4,2,1146
698, 2041,4,2,1121
699, 2041,4,2,1121
700, 2041,4,2,1170
701, 2041,4,2,1121
702, 2041,4,2,1121
703, 2041,5,2,1121
704, 2041,4,2,1271
705, 2041,4,2,1121
706, 2041,4,2,1121
707, 2041,4,2,1121
708, 2041,5,2,1160
709, 2041,4,2,1121
710, 2041,4,2,1121
711, 2041,4,2,1121
712, 2041,4,2,1121
713, 2041,4,2,1121
714, 2041,4,2,1121
715, 2041,4,2,1121
716, 2041,4,2,1121
717, 2041,4,2,1121
718, 2041,4,2,1131
719, 2041,4,2,1121
720, 2041,4,2,1121
721, 2041,4,2,1121
722, 2041,5,2,1121
723, 2041,5,2,1121
724, 2041,4,2,1121
725, 2041,4,2,1121
726, 2041,4,2,1205
727, 2041,4,2,1121
728, 2041,4,2,1121
729, 2041,4,2,1121
730, 2041,4,2,1121
731, 2041,4,2,1121
732, 2041,5,2,1180
733, 2041,5,2,1121
734, 2041,4,2,1121
735, 2041,4,2,1121
736, 2041,4,2,1169
737, 2041,4,2,1121
738, 2041,4,2,1121
739, 2041,4,2,1121
740, 2041,4,2,1121
741, 2041,4,2,1121
742, 2041,4,2,1121
743, 2041,4,2,1121
744, 2041,4,2,1188
745, 2041,4,2,1121
746, 2041,4,2,1121
747, 2041,4,2,1121
748, 2041,4,2,1121
749, 2041,4,2,1121
750, 2041,4,2,1121
751, 2041,4,2,1121
752, 2041,4,2,1121
753, 2041,4,2,1121
754, 2041,4,2,1121
755, 2041,4,2,1121
756, 2041,4,2,1121
757, 2041,4,2,1207
758, 2041,4,2,1121
759, 2041,4,2,1121
760, 2041,4,2,1121
761, 2041,4,2,1121
762, 2041,4,2,1121
763, 2041,4,2,1121
764, 2041,4,2,1193
765, 2041,5,2,1215
766, 2041,4,2,1121
767, 2041,4,2,1121
768, 2041,4,2,1121
769, 2041,4,2,1121
770, 2041,4,2,1121
771, 2041,4,2,1121
772, 2041,4,2,1121
773, 2041,4,2,1121
774, 2041,4,2,1121
775, 2041,4,2,1121
776, 2041,4,2,1121
777, 2041,4,2,1121
778, 2041,4,2,1155
779, 2041,4,2,1170
780, 2041,4,2,1121
781, 2041,4,2,1121
782, 2041,4,2,1168
783, 2041,4,2,1168
784, 2041,4,2,1121
785, 2041,4,2,1121
786, 2041,4,2,1221
787, 2041,4,2,1121
788, 2041,4,2,1221
789, 2041,4,2,1203
790, 2041,4,2,1221
791, 2041,4,2,1121
792, 2041,4,2,1203
793, 2041,4,2,1121
794, 2041,4,2,1121
795, 2041,4,2,1121
796, 2041,4,2,1121
797, 2041,4,2,1170
798, 2041,4,2,1121
799, 2041,4,2,1203
800, 2041,5,2,1121
801, 2041,4,2,1121
802, 2041,4,2,1121
803, 2041,4,2,1189
804, 2041,5,2,1121
805, 2041,4,2,1121
806, 2041,4,2,1121
807, 2041,4,2,1121
808, 2041,4,2,1155
809, 2041,4,2,1121
810, 2041,4,2,1121
811, 2041,4,2,1121
812, 2041,4,2,1142
813, 2041,4,2,1121
814, 2041,4,2,1121
815, 2041,4,2,1121
816, 2041,4,2,1121
817, 2041,4,2,1121
818, 2041,4,2,1121
819, 2041,4,2,1121
820, 2041,4,2,1121
821, 2041,4,2,1121
822, 2041,4,2,1121
823, 2041,4,2,1121
824, 2041,4,2,1121
825, 2041,4,2,1121
826, 2041,4,2,1121
827, 2041,4,2,1121
828, 2041,4,2,1121
829, 2041,4,2,1131
830, 2041,4,2,1121
831, 2041,5,2,1121
832, 2041,4,2,1121
833, 2041,4,2,1121
834, 2041,4,2,1180
835, 2041,4,2,1121
836, 2041,4,2,1137
837, 2041,4,2,1160
838, 2041,4,2,1121
839, 2041,5,2,1193
840, 2041,4,2,1121
841, 2041,4,2,1121
842, 2041,4,2,1121
843, 2041,4,2,1121
844, 2041,4,2,1121
845, 2041,4,2,1121
846, 2041,4,2,1121
847, 2041,4,2,1121
848, 2041,4,2,1121
849, 2041,4,2,1121
850, 2041,4,2,1121
851, 2041,4,2,1209
852, 2041,4,2,1121
853, 2041,4,2,1121
854, 2041,4,2,1121
855, 2041,4,2,1262
856, 2041,4,2,1121
857, 2041,4,2,1121
858, 2041,4,2,1121
859, 2041,4,2,1121
860, 2041,4,2,1121
861, 2041,4,2,1121
862, 2041,4,2,1121
863, 2041,4,2,1121
864, 2041,4,2,1121
865, 2041,4,2,1125
866, 2041,4,2,1121
867, 2041,4,2,1121
868, 2041,4,2,1121
869, 2041,4,2,1121
870, 2041,4,3,1210
871, 2041,4,2,1121
872, 2041,4,2,1121
873, 2041,4,2,1121
874, 2041,4,2,1121
875, 2041,4,2,1121
876, 2041,4,2,1121
877, 2041,4,2,1121
878, 2041,4,2,1121
879, 2041,4,2,1121
880, 2041,4,2,1121
881, 2041,5,3,1121
882, 2041,4,2,1121
883, 2041,4,2,1233
884, 2041,4,2,1196
885, 2041,4,2,1121
886, 2041,4,2,1221
887, 2041,4,2,1121
888, 2041,5,2,1221
889, 2041,4,2,1147
890, 2041,4,2,1121
891, 2041,4,2,1121
892, 2041,4,2,1121
893, 2041,4,3,1210
894, 2041,4,2,1121
895, 2041,4,2,1121
896, 2041,4,2,1169
897, 2041,4,2,1121
898, 2041,4,2,1121
899, 2041,4,2,1121
900, 2041,4,2,1169
901, 2041,4,2,1183
902, 2041,5,2,1121
903, 2041,5,2,1121
904, 2041,4,2,1121
905, 2041,4,2,1121
906, 2041,4,2,1121
907, 2041,4,2,1121
908, 2041,4,2,1121
909, 2041,4,2,1121
910, 2041,4,2,1121
911, 2041,4,2,1121
912, 2041,4,2,1121
913, 2041,4,2,1121
914, 2041,5,2,1121
915, 2041,4,2,1121
916, 2041,4,2,1121
917, 2041,4,2,1121
918, 2041,4,2,1121
919, 2041,4,2,1121
920, 2041,4,2,1121
921, 2041,4,2,1121
922, 2041,4,2,1121
923, 2041,4,2,1121
924, 2041,4,2,1121
925, 2041,4,2,1121
926, 2041,4,2,1213
927, 2041,4,2,1165
928, 2041,4,2,1121
929, 2041,4,2,1121
930, 2041,4,2,1121
931, 2041,4,2,1121
932, 2041,5,2,1193
933, 2041,4,2,1121
934, 2041,4,2,1121
935, 2041,4,2,1121
936, 2041,4,2,1121
937, 2041,4,2,1121
938, 2041,4,2,1121
939, 2041,4,2,1121
940, 2041,4,2,1180
941, 2041,4,2,1121
942, 2041,4,2,1150
943, 2041,4,2,1121
944, 2041,5,2,1121
945, 2041,4,2,1121
946, 2041,4,2,1121
947, 2041,4,2,1121
948, 2041,4,2,1121
949, 2041,4,2,1121
950, 2041,4,2,1121
951, 2041,4,2,1121
952, 2041,4,2,1121
953, 2041,4,2,1121
954, 2041,4,2,1121
955, 2041,4,2,1121
956, 2041,4,2,1121
957, 2041,4,2,1121
958, 2041,4,2,1121
959, 2041,4,2,1121
960, 2041,4,2,1121
961, 2041,4,2,1236
962, 2041,4,2,1121
963, 2041,4,2,1121
964, 2041,4,2,1121
965, 2041,4,2,1121
966, 2041,4,2,1121
967, 2041,4,2,1221
968, 2041,4,2,1203
969, 2041,4,2,1121
970, 2041,4,2,1121
971, 2041,4,2,1121
972, 2041,4,2,1121
973, 2041,4,2,1121
974, 2041,4,2,1121
975, 2041,4,2,1121
976, 2041,4,2,1155
977, 2041,4,2,1121
978, 2041,4,2,1213
979, 2041,4,2,1121
980, 2041,4,2,1281
981, 2041,4,2,1121
982, 2041,4,2,1121
983, 2041,4,2,1121
984, 2041,4,2,1146
985, 2041,4,2,1121
986, 2041,4,2,1121
987, 2041,4,2,1121
988, 2041,4,2,1121
989, 2041,4,2,1121
990, 2041,4,2,1121
991, 2041,4,2,1256
992, 2041,4,2,1121
993, 2041,4,2,1121
994, 2041,4,2,1121
995, 2041,4,2,1121
996, 2041,4,2,1190
997, 2041,4,2,1121
998, 2041,4,2,1121
999, 2041,4,2,1121
1000, 2041,4,2,1125
1001, 2041,4,2,1164
1002, 2041,4,2,1125
1003, 2041,4,2,1203
1004, 2041,5,2,1251
1005, 2041,5,2,1121
1006, 2041,4,2,1121
1007, 2041,4,2,1121
1008, 2041,4,2,1121
1009, 2041,4,2,1121
1010, 2041,4,2,1121
1011, 2041,4,2,1121
1012, 2041,4,2,1121
1013, 2041,4,2,1121
1014, 2041,4,2,1121
1015, 2041,4,2,1121
1016, 2041,4,2,1121
1017, 2041,4,2,1206
1018, 2041,5,2,1121
1019, 2041,4,2,1121
1020, 2041,4,2,1121
1021, 2041,4,2,1121
1022, 2041,4,2,1121
1023, 2041,4,2,1121
1024, 2041,4,2,1195
1025, 2041,4,2,1121
1026, 2041,4,2,1183
1027, 2041,4,2,1121
1028, 2041,4,2,1121
1029, 2041,4,2,1121
1030, 2041,4,2,1121
1031, 2041,4,2,1121
1032, 2041,4,2,1121
1033, 2041,4,2,1121
1034, 2041,4,2,1180
1035, 2041,4,2,1121
1036, 2041,4,2,1121
1037, 2041,4,2,1121
1038, 2041,4,2,1121
1039, 2041,4,2,1121
1040, 2041,4,2,1121
1041, 2041,4,2,1121
1042, 2041,4,2,1121
1043, 2041,4,2,1121
1044, 2041,4,2,1121
1045, 2041,4,2,1121
1046, 2041,4,2,1121
1047, 2041,4,2,1121
1048, 2041,4,2,1121
1049, 2041,4,2,1147
1050, 2041,4,2,1121
1051, 2041,4,2,1121
1052, 2041,5,2,1147
1053, 2041,4,2,1168
1054, 2041,4,2,1121
1055, 2041,4,2,1121
1056, 2041,4,2,1121
1057, 2041,4,2,1121
1058, 2041,4,2,1121
1059, 2041,4,2,1121
1060, 2041,4,2,1121
1061, 2041,4,2,1121
1062, 2041,4,2,1121
1063, 2041,4,2,1121
1064, 2041,4,2,1121
1065, 2041,4,2,1163
1066, 2041,4,2,1121
1067, 2041,4,2,1121
1068, 2041,4,2,1171
1069, 2041,4,2,1121
1070, 2041,4,2,1121
1071, 2041,4,2,1121
1072, 2041,4,2,1121
1073, 2041,4,2,1121
1074, 2041,4,2,1121
1075, 2041,4,2,1121
1076, 2041,4,2,1121
1077, 2041,4,2,1121
1078, 2041,4,2,1121
1079, 2041,4,2,1121
1080, 2041,4,2,1121
1081, 2041,4,2,1121
1082, 2041,4,2,1121
1083, 2041,4,2,1229
1084, 2041,4,2,1229
1085, 2041,4,2,1221
1086, 2041,4,2,1121
1087, 2041,4,2,1121
1088, 2041,4,2,1211
1089, 2041,4,2,1121
1090, 2041,4,2,1121
1091, 2041,4,2,1121
1092, 2041,4,2,1121
1093, 2041,4,2,1211
1094, 2041,4,2,1121
1095, 2041,4,2,1121
1096, 2041,4,2,1121
1097, 2041,4,2,1121
1098, 2041,4,2,1121
1099, 2041,4,2,1121
1100, 2041,4,2,1121
1101, 2041,4,2,1121
1102, 2041,4,2,1121
1103, 2041,4,2,1121
1104, 2041,4,2,1121
1105, 2041,4,2,1121
1106, 2041,4,2,1121
1107, 2041,4,2,1121
1108, 2041,4,2,1131
1109, 2041,4,2,1178
1110, 2041,4,2,1121
1111, 2041,4,2,1121
1112, 2041,4,2,1121
1113, 2041,4,2,1121
1114, 2041,4,2,1163
1115, 2041,4,2,1121
1116, 2041,4,2,1121
1117, 2041,4,2,1121
1118, 2041,4,2,1121
1119, 2041,4,2,1121
1120, 2041,4,2,1121
1121, 2041,4,2,1137
1122, 2041,4,2,1180
1123, 2041,4,2,1121
1124, 2041,4,2,1121
1125, 2041,4,2,1121
1126, 2041,4,2,1121
1127, 2041,4,2,1121
1128, 2041,4,2,1137
1129, 2041,5,2,1121
1130, 2041,4,2,1121
1131, 2041,4,2,1121
1132, 2041,4,2,1121
1133, 2041,4,2,1121
1134, 2041,4,2,1121
1135, 2041,4,2,1121
1136, 2041,4,2,1121
1137, 2041,4,2,1121
1138, 2041,4,2,1121
1139, 2041,4,2,1121
1140, 2041,4,2,1197
1141, 2041,4,2,1121
1142, 2041,4,2,1121
1143, 2041,4,2,1121
1144, 2041,4,2,1121
1145, 2041,4,2,1121
1146, 2041,4,2,1121
1147, 2041,4,2,1173
1148, 2041,4,2,1121
1149, 2041,4,2,1121
1150, 2041,4,2,1121
1151, 2041,4,2,1121
1152, 2041,4,2,1121
1153, 2041,4,2,1121
1154, 2041,4,2,1121
1155, 2041,5,2,1121
1156, 2041,4,2,1121
1157, 2041,4,2,1121
1158, 2041,4,3,1256
1159, 2041,4,2,1121
1160, 2041,4,2,1121
1161, 2041,4,2,1221
1162, 2041,4,2,1121
1163, 2041,4,2,1121
1164, 2041,4,2,1121
1165, 2041,4,2,1121
1166, 2041,4,2,1121
1167, 2041,4,2,1131
1168, 2041,4,2,1121
1169, 2041,4,2,1164
1170, 2041,4,2,1121
1171, 2041,4,2,1121
1172, 2041,4,2,1121
1173, 2041,4,2,1121
1174, 2041,4,2,1168
1175, 2041,4,2,1121
1176, 2041,4,2,1121
1177, 2041,5,2,1251
1178, 2041,4,2,1150
1179, 2041,4,2,1121
1180, 2041,4,2,1121
1181, 2041,4,2,1121
1182, 2041,4,2,1196
1183, 2041,4,2,1209
1184, 2041,4,2,1121
1185, 2041,4,2,1121
1186, 2041,4,2,1196
1187, 2041,4,2,1121
1188, 2041,4,2,1121
1189, 2041,4,2,1121
1190, 2041,4,2,1121
1191, 2041,4,2,1121
1192, 2041,4,2,1121
1193, 2041,4,2,1125
1194, 2041,4,2,1121
1195, 2041,4,2,1121
1196, 2041,4,2,1121
1197, 2041,4,2,1121
1198, 2041,4,2,1121
1199, 2041,5,2,1121
1200, 2041,4,2,1121
1201, 2041,4,2,1173
1202, 2041,4,2,1121
1203, 2041,4,2,1121
1204, 2041,4,2,1121
1205, 2041,4,2,1203
1206, 2041,4,2,1221
1207, 2041,4,2,1121
1208, 2041,4,2,1121
1209, 2041,4,2,1121
1210, 2041,4,2,1121
1211, 2041,4,2,1121
1212, 2041,4,2,1121
1213, 2041,4,2,1121
1214, 2041,4,2,1121
1215, 2041,4,2,1121
1216, 2041,4,2,1121
1217, 2041,4,2,1185
1218, 2041,4,2,1121
1219, 2041,4,2,1121
1220, 2041,4,2,1121
1221, 2041,4,2,1121
1222, 2041,4,2,1121
1223, 2041,4,2,1121
1224, 2041,4,2,1121
1225, 2041,4,2,1121
1226, 2041,4,2,1121
1227, 2041,4,2,1121
1228, 2041,4,2,1121
1229, 2041,4,2,1121
1230, 2041,4,2,1261
1231, 2041,4,2,1121
1232, 2041,4,2,1121
1233, 2041,5,2,1121
1234, 2041,4,2,1121
1235, 2041,4,2,1121
1236, 2041,4,2,1121
1237, 2041,4,2,1121
1238, 2041,4,2,1121
1239, 2041,4,2,1121
1240, 2041,4,2,1121
1241, 2041,4,2,1121
1242, 2041,4,2,1164
1243, 2041,4,2,1121
1244, 2041,4,2,1121
1245, 2041,4,2,1121
1246, 2041,4,2,1121
1247, 2041,4,2,1121
1248, 2041,4,2,1121
1249, 2041,4,2,1271
1250, 2041,4,2,1121
1251, 2041,4,2,1121
1252, 2041,4,2,1121
1253, 2041,4,2,1121
1254, 2041,4,2,1121
1255, 2041,4,2,1121
1256, 2041,4,2,1121
1257, 2041,4,2,1121
1258, 2041,4,2,1121
1259, 2041,4,2,1121
1260, 2041,4,2,1121
1261, 2041,4,2,1121
1262, 2041,4,2,1121
1263, 2041,4,2,1121
1264, 2041,4,2,1159
1265, 2041,4,2,1121
1266, 2041,4,2,1121
1267, 2041,4,2,1121
1268, 2041,4,2,1121
1269, 2041,4,2,1121
1270, 2041,4,2,1121
1271, 2041,4,2,1121
1272, 2041,4,2,1108
1273, 2041,4,2,1121
1274, 2041,4,2,1180
1275, 2041,4,2,1121
1276, 2041,4,2,1121
1277, 2041,4,2,1121
1278, 2041,4,2,1121
1279, 2041,4,2,1121
1280, 2041,4,2,1164
1281, 2041,4,2,1121
1282, 2041,4,2,1121
1283, 2041,4,2,1121
1284, 2041,4,2,1121
1285, 2041,4,2,1121
1286, 2041,4,2,1121
1287, 2041,4,2,1121
1288, 2041,4,2,1121
1289, 2041,4,2,1121
1290, 2041,4,2,1121
1291, 2041,4,2,1121
1292, 2041,4,2,1121
1293, 2041,4,2,1223
1294, 2041,5,2,1121
1295, 2041,4,2,1121
1296, 2041,4,2,1191
1297, 2041,4,2,1121
1298, 2041,4,2,1121
1299, 2041,4,2,1121
1300, 2041,4,2,1121
1301, 2041,5,2,1121
1302, 2041,4,2,1121
1303, 2041,4,2,1121
1304, 2041,4,2,1121
1305, 2041,4,2,1121
1306, 2041,4,2,1121
1307, 2041,4,2,1259
1308, 2041,4,2,1121
1309, 2041,4,2,1121
1310, 2041,4,2,1121
1311, 2041,4,2,1121
1312, 2041,4,2,1125
1313, 2041,4,2,1121
1314, 2041,4,2,1121
1315, 2041,4,2,1121
1316, 2041,4,2,1121
1317, 2041,4,2,1121
1318, 2041,4,2,1121
1319, 2041,4,2,1121
1320, 2041,4,2,1135
1321, 2041,4,2,1121
1322, 2041,4,2,1121
1323, 2041,4,2,1121
1324, 2041,4,2,1121
1325, 2041,4,2,1121
1326, 2041,4,2,1198
1327, 2041,4,2,1121
1328, 2041,4,2,1121
1329, 2041,4,2,1121
1330, 2041,4,2,1188
1331, 2041,4,2,1121
1332, 2041,4,2,1121
1333, 2041,4,2,1121
1334, 2041,4,2,1121
1335, 2041,4,2,1183
1336, 2041,4,2,1159
1337, 2041,4,2,1121
1338, 2041,4,2,1121
1339, 2041,4,2,1121
1340, 2041,5,2,1193
1341, 2041,4,2,1121
1342, 2041,4,2,1121
1343, 2041,4,2,1121
1344, 2041,4,2,1121
1345, 2041,4,2,1121
1346, 2041,4,2,1121
1347, 2041,4,2,1121
1348, 2041,4,2,1231
1349, 2041,4,2,1121
1350, 2041,4,2,1121
1351, 2041,5,2,1121
1352, 2041,4,2,1121
1353, 2041,4,2,1121
1354, 2041,4,2,1121
1355, 2041,4,2,1121
1356, 2041,4,2,1121
1357, 2041,4,2,1121
1358, 2041,4,2,1121
1359, 2041,4,2,1121
1360, 2041,4,2,1121
1361, 2041,4,2,1121
1362, 2041,4,2,1121
1363, 2041,4,2,1121
1364, 2041,4,2,1121
1365, 2041,4,2,1121
1366, 2041,4,2,1121
1367, 2041,4,2,1164
1368, 2041,4,2,1131
1369, 2041,4,2,1121
1370, 2041,4,2,1271
1371, 2041,4,2,1121
1372, 2041,4,2,1215
1373, 2041,4,2,1215
1374, 2041,4,2,1121
1375, 2041,4,2,1121
1376, 2041,5,2,1121
1377, 2041,4,2,1121
1378, 2041,4,2,1121
1379, 2041,4,2,1121
1380, 2041,4,2,1121
1381, 2041,4,2,1121
1382, 2041,4,2,1121
1383, 2041,4,2,1121
1384, 2041,4,2,1121
1385, 2041,4,2,1121
1386, 2041,4,2,1121
1387, 2041,4,2,1181
1388, 2041,4,2,1121
1389, 2041,4,2,1121
1390, 2041,4,2,1121
1391, 2041,4,2,1121
1392, 2041,4,2,1121
1393, 2041,4,2,1121
1394, 2041,4,2,1121
1395, 2041,4,2,1125
1396, 2041,4,2,1121
1397, 2041,4,2,1121
1398, 2041,4,2,1121
1399, 2041,4,2,1121
1400, 2041,4,2,1121
1401, 2041,4,2,1121
1402, 2041,4,2,1180
1403, 2041,5,2,1153
1404, 2041,4,2,1121
1405, 2041,4,2,1146
1406, 2041,4,2,1121
1407, 2041,4,2,1203
1408, 2041,4,2,1261
1409, 2041,4,2,1121
1410, 2041,4,2,1240
1411, 2041,4,2,1121
1412, 2041,4,2,1121
1413, 2041,4,2,1121
1414, 2041,4,2,1121
1415, 2041,4,2,1121
1416, 2041,4,2,1121
1417, 2041,4,2,1121
1418, 2041,4,2,1121
1419, 2041,4,2,1145
1420, 2041,4,2,1183
1421, 2041,4,2,1121
1422, 2041,4,2,1121
1423, 2041,4,2,1121
1424, 2041,4,2,1121
1425, 2041,4,2,1121
1426, 2041,4,2,1203
1427, 2041,4,2,1121
1428, 2041,4,2,1121
1429, 2041,4,2,1121
1430, 2041,5,2,1121
1431, 2041,4,2,1121
1432, 2041,4,2,1121
1433, 2041,4,2,1121
1434, 2041,4,2,1121
1435, 2041,4,2,1121
1436, 2041,4,2,1121
1437, 2041,4,2,1121
1438, 2041,4,2,1213
1439, 2041,4,2,1160
1440, 2041,4,2,1121
1441, 2041,4,2,1121
1442, 2041,4,2,1121
1443, 2041,4,2,1121
1444, 2041,4,2,1121
1445, 2041,4,2,1121
1446, 2041,4,2,1121
1447, 2041,4,2,1121
1448, 2041,4,2,1121
1449, 2041,4,2,1121
1450, 2041,4,2,1121
1451, 2041,4,2,1121
1452, 2041,4,2,1121
1453, 2041,4,2,1121
1454, 2041,4,2,1121
1455, 2041,4,2,1121
1456, 2041,4,2,1223
1457, 2041,4,2,1199
1458, 2041,4,2,1121
1459, 2041,4,2,1147
1460, 2041,4,2,1121
1461, 2041,4,2,1147
1462, 2041,4,2,1121
1463, 2041,4,2,1121
1464, 2041,4,2,1121
1465, 2041,4,2,1253
1466, 2041,4,2,1147
1467, 2041,4,2,1121
1468, 2041,4,2,1121
1469, 2041,4,2,1121
1470, 2041,4,2,1121
1471, 2041,4,2,1121
1472, 2041,4,2,1121
1473, 2041,4,2,1188
1474, 2041,4,2,1121
1475, 2041,4,2,1121
1476, 2041,4,2,1121
1477, 2041,4,2,1121
1478, 2041,4,2,1121
1479, 2041,4,2,1121
1480, 2041,4,2,1121
1481, 2041,4,2,1121
1482, 2041,4,2,1164
1483, 2041,4,2,1121
1484, 2041,4,2,1121
1485, 2041,4,2,1213
1486, 2041,4,2,1181
1487, 2041,4,2,1149
1488, 2041,4,2,1231
1489, 2041,4,2,1121
1490, 2041,4,2,1121
1491, 2041,4,2,1121
1492, 2041,4,2,1121
1493, 2041,4,2,1121
1494, 2041,4,2,1131
1495, 2041,4,2,1121
1496, 2041,4,2,1199
1497, 2041,4,2,1145
1498, 2041,4,2,1249
1499, 2041,4,2,1121
1500, 2041,4,2,1214
1501, 2041,4,2,1121
1502, 2041,4,2,1121
1503, 2041,4,2,1121
1504, 2041,4,2,1121
1505, 2041,4,2,1121
1506, 2041,4,2,1121
1507, 2041,4,2,1121
1508, 2041,4,2,1121
1509, 2041,4,2,1121
1510, 2041,4,2,1121
1511, 2041,4,2,1181
1512, 2041,4,2,1121
1513, 2041,4,2,1121
1514, 2041,4,2,1121
1515, 2041,4,2,1121
1516, 2041,4,2,1121
1517, 2041,4,2,1169
1518, 2041,4,2,1121
1519, 2041,4,2,1121
1520, 2041,4,2,1121
1521, 2041,4,2,1121
1522, 2041,4,2,1189
1523, 2041,4,2,1121
1524, 2041,4,2,1121
1525, 2041,4,2,1121
1526, 2041,4,2,1121
1527, 2041,4,2,1121
1528, 2041,4,2,1165
1529, 2041,4,2,1160
1530, 2041,4,2,1121
1531, 2041,4,2,1121
1532, 2041,4,2,1253
1533, 2041,4,2,1183
1534, 2041,5,2,1121
1535, 2041,4,2,1121
1536, 2041,4,2,1226
1537, 2041,4,2,1121
1538, 2041,4,2,1121
1539, 2041,4,2,1121
1540, 2041,4,2,1121
1541, 2041,4,2,1121
1542, 2041,4,2,1121
1543, 2041,4,2,1121
1544, 2041,4,2,1121
1545, 2041,4,2,1164
1546, 2041,4,2,1121
1547, 2041,4,2,1121
1548, 2041,4,2,1208
1549, 2041,4,2,1121
1550, 2041,4,2,1121
1551, 2041,4,2,1121
1552, 2041,4,2,1121
1553, 2041,4,2,1121
1554, 2041,4,2,1121
1555, 2041,4,2,1159
1556, 2041,4,2,1121
1557, 2041,4,2,1121
1558, 2041,4,2,1121
1559, 2041,4,2,1121
1560, 2041,4,2,1121
1561, 2041,4,2,1121
1562, 2041,4,2,1121
1563, 2041,5,2,1121
1564, 2041,4,2,1121
1565, 2041,4,2,1121
1566, 2041,4,2,1121
1567, 2041,4,2,1121
1568, 2041,4,2,1121
1569, 2041,4,2,1121
1570, 2041,4,2,1131
1571, 2041,4,2,1121
1572, 2041,4,2,1121
1573, 2041,4,2,1121
1574, 2041,4,2,1121
1575, 2041,4,2,1121
1576, 2041,4,2,1193
1577, 2041,4,2,1121
1578, 2041,4,2,1273
1579, 2041,4,2,1121
1580, 2041,4,2,1121
1581, 2041,4,2,1121
1582, 2041,4,2,1121
1583, 2041,4,2,1121
1584, 2041,4,2,1121
1585, 2041,4,2,1229
1586, 2041,4,2,1121
1587, 2041,4,2,1121
1588, 2041,4,2,1121
1589, 2041,4,2,1123
1590, 2041,4,2,1121
1591, 2041,4,2,1121
1592, 2041,4,2,1121
1593, 2041,4,2,1121
1594, 2041,4,2,1121
1595, 2041,4,2,1121
1596, 2041,4,2,1121
1597, 2041,4,2,1121
1598, 2041,4,2,1121
1599, 2041,4,2,1121
1600, 2041,4,2,1121
1601, 2041,4,2,1121
1602, 2041,4,2,1121
1603, 2041,4,2,1121
1604, 2041,4,2,1121
1605, 2041,5,2,1121
1606, 2041,4,2,1121
1607, 2041,4,2,1121
1608, 2041,4,2,1121
1609, 2041,4,2,1121
1610, 2041,4,2,1121
1611, 2041,4,2,1121
1612, 2041,4,2,1121
1613, 2041,4,2,1121
1614, 2041,4,2,1208
1615, 2041,4,2,1178
1616, 2041,4,2,1121
1617, 2041,4,2,1211
1618, 2041,4,2,1121
1619, 2041,4,2,1121
1620, 2041,4,2,1121
1621, 2041,4,2,1125
1622, 2041,4,2,1125
1623, 2041,4,2,1121
1624, 2041,4,2,1121
1625, 2041,4,2,1123
1626, 2041,4,2,1123
1627, 2041,4,2,1121
1628, 2041,4,2,1121
1629, 2041,4,2,1165
1630, 2041,4,2,1121
1631, 2041,4,2,1121
1632, 2041,4,2,1121
1633, 2041,4,2,1121
1634, 2041,4,2,1121
1635, 2041,4,2,1121
1636, 2041,4,2,1121
1637, 2041,4,2,1121
1638, 2041,4,2,1121
1639, 2041,4,2,1249
1640, 2041,4,2,1121
1641, 2041,4,2,1121
1642, 2041,4,2,1121
1643, 2041,4,2,1121
1644, 2041,4,2,1193
1645, 2041,4,2,1121
1646, 2041,4,2,1121
1647, 2041,4,2,1121
1648, 2041,4,2,1121
1649, 2041,4,2,1163
1650, 2041,4,2,1121
1651, 2041,5,2,1121
1652, 2041,4,2,1121
1653, 2041,4,2,1121
1654, 2041,4,2,1121
1655, 2041,4,2,1121
1656, 2041,4,2,1131
1657, 2041,4,2,1121
1658, 2041,4,2,1121
1659, 2041,4,2,1121
1660, 2041,4,2,1256
1661, 2041,4,2,1188
1662, 2041,4,2,1121
1663, 2041,4,2,1121
1664, 2041,4,2,1121
1665, 2041,4,2,1121
1666, 2041,4,2,1121
1667, 2041,5,2,1121
1668, 2041,4,2,1121
1669, 2041,4,2,1230
1670, 2041,4,2,1121
1671, 2041,4,2,1121
1672, 2041,4,2,1121
1673, 2041,4,2,1121
1674, 2041,4,2,1223
1675, 2041,4,2,1121
1676, 2041,4,2,1121
1677, 2041,4,2,1121
1678, 2041,4,3,1221
1679, 2041,4,2,1121
1680, 2041,4,2,1121
1681, 2041,4,2,1121
1682, 2041,4,2,1121
1683, 2041,4,2,1121
1684, 2041,4,2,1121
1685, 2041,4,3,1121
1686, 2041,4,2,1121
1687, 2041,4,2,1121
1688, 2041,4,2,1178
1689, 2041,4,2,1121
1690, 2041,4,2,1121
1691, 2041,4,2,1251
1692, 2041,4,2,1121
1693, 2041,4,2,1121
1694, 2041,4,2,1233
1695, 2041,4,2,1194
1696, 2041,4,2,1121
1697, 2041,4,2,1121
1698, 2041,4,2,1121
1699, 2041,4,2,1121
1700, 2041,4,2,1121
1701, 2041,4,2,1121
1702, 2041,4,2,1222
1703, 2041,4,2,1211
1704, 2041,5,2,1121
1705, 2041,4,2,1121
1706, 2041,4,2,1121
1707, 2041,4,2,1121
1708, 2041,4,2,1164
1709, 2041,4,2,1121
1710, 2041,4,2,1121
1711, 2041,4,2,1131
1712, 2041,4,2,1121
1713, 2041,4,2,1121
1714, 2041,4,2,1121
1715, 2041,4,2,1121
1716, 2041,4,2,1121
1717, 2041,4,2,1146
1718, 2041,4,2,1121
1719, 2041,4,2,1121
1720, 2041,4,2,1121
1721, 2041,4,2,1121
1722, 2041,4,2,1146
1723, 2041,4,2,1121
1724, 2041,4,2,1121
1725, 2041,4,2,1121
1726, 2041,4,2,1131
1727, 2041,4,2,1231
1728, 2041,4,2,1121
1729, 2041,4,2,1121
1730, 2041,4,2,1121
1731, 2041,4,2,1125
1732, 2041,5,2,1121
1733, 2041,4,2,1121
1734, 2041,4,2,1121
1735, 2041,4,2,1121
1736, 2041,4,2,1155
1737, 2041,4,2,1121
1738, 2041,4,2,1121
1739, 2041,4,2,1121
1740, 2041,4,2,1121
1741, 2041,4,2,1121
1742, 2041,4,2,1229
1743, 2041,4,2,1121
1744, 2041,4,2,1121
1745, 2041,4,2,1121
1746, 2041,4,2,1121
1747, 2041,4,2,1121
1748, 2041,4,2,1121
1749, 2041,4,3,1203
1750, 2041,4,2,1121
1751, 2041,4,2,1121
1752, 2041,4,2,1121
1753, 2041,4,2,1121
1754, 2041,4,2,1121
1755, 2041,4,2,1121
1756, 2041,4,2,1121
1757, 2041,4,2,1172
1758, 2041,4,2,1121
1759, 2041,4,2,1121
1760, 2041,4,2,1121
1761, 2041,4,2,1121
1762, 2041,5,2,1121
1763, 2041,4,2,1121
1764, 2041,4,2,1121
1765, 2041,4,2,1121
1766, 2041,4,2,1121
1767, 2041,4,2,1121
1768, 2041,4,2,1121
1769, 2041,4,2,1179
1770, 2041,4,2,1121
1771, 2041,4,2,1121
1772, 2041,4,2,1121
1773, 2041,4,2,1121
1774, 2041,4,2,1121
1775, 2041,4,2,1121
1776, 2041,4,2,1121
1777, 2041,4,2,1121
1778, 2041,4,2,1121
1779, 2041,4,2,1121
1780, 2041,4,2,1121
1781, 2041,4,2,1121
1782, 2041,4,2,1121
1783, 2041,4,2,1121
1784, 2041,4,2,1121
1785, 2041,4,2,1121
1786, 2041,4,2,1121
1787, 2041,4,2,1121
1788, 2041,4,2,1190
1789, 2041,4,2,1121
1790, 2041,4,2,1121
1791, 2041,4,2,1121
1792, 2041,4,2,1121
1793, 2041,4,2,1213
1794, 2041,4,2,1121
1795, 2041,4,2,1121
1796, 2041,4,2,1121
1797, 2041,4,2,1121
1798, 2041,4,2,1121
1799, 2041,4,2,1121
1800, 2041,4,2,1121
1801, 2041,4,2,1121
1802, 2041,4,2,1121
1803, 2041,4,2,1121
1804, 2041,4,2,1121
1805, 2041,4,2,1168
1806, 2041,4,2,1121
1807, 2041,4,2,1121
1808, 2041,4,2,1121
1809, 2041,4,2,1121
1810, 2041,4,2,1121
1811, 2041,4,2,1121
1812, 2041,4,2,1121
1813, 2041,4,2,1121
1814, 2041,4,2,1121
1815, 2041,4,2,1121
1816, 2041,4,2,1121
1817, 2041,4,2,1121
1818, 2041,4,2,1121
1819, 2041,4,2,1121
1820, 2041,4,2,1121
1821, 2041,4,2,1121
1822, 2041,4,2,1121
1823, 2041,4,2,1121
1824, 2041,4,2,1121
1825, 2041,4,2,1121
1826, 2041,4,2,1121
1827, 2041,4,2,1247
1828, 2041,4,2,1121
1829, 2041,4,2,1137
1830, 2041,4,2,1121
1831, 2041,4,2,1121
1832, 2041,4,2,1238
1833, 2041,4,2,1121
1834, 2041,4,2,1121
1835, 2041,4,2,1121
1836, 2041,4,2,1121
1837, 2041,5,2,1108
1838, 2041,4,2,1121
1839, 2041,4,2,1121
1840, 2041,4,2,1121
1841, 2041,4,2,1121
1842, 2041,4,2,1121
1843, 2041,5,2,1121
1844, 2041,4,2,1188
1845, 2041,4,2,1238
1846, 2041,4,2,1121
1847, 2041,4,2,1121
1848, 2041,4,2,1121
1849, 2041,4,2,1121
1850, 2041,4,2,1121
1851, 2041,4,2,1121
1852, 2041,4,2,1121
1853, 2041,4,2,1121
1854, 2041,4,2,1121
1855, 2041,4,2,1121
1856, 2041,4,2,1121
1857, 2041,4,2,1121
1858, 2041,4,2,1121
1859, 2041,4,2,1121
1860, 2041,4,2,1121
1861, 2041,4,2,1121
1862, 2041,4,2,1121
1863, 2041,4,2,1121
1864, 2041,4,2,1121
1865, 2041,5,2,1121
1866, 2041,4,2,1121
1867, 2041,4,2,1121
1868, 2041,4,2,1259
1869, 2041,4,2,1121
1870, 2041,5,2,1121
1871, 2041,4,2,1121
1872, 2041,4,2,1121
1873, 2041,4,2,1121
1874, 2041,4,2,1121
1875, 2041,4,2,1253
1876, 2041,4,2,1121
1877, 2041,4,2,1183
1878, 2041,4,2,1183
1879, 2041,4,2,1121
1880, 2041,4,2,1121
1881, 2041,4,2,1121
1882, 2041,4,2,1163
1883, 2041,4,2,1121
1884, 2041,4,2,1121
1885, 2041,4,2,1121
1886, 2041,4,2,1121
1887, 2041,4,2,1121
1888, 2041,4,2,1121
1889, 2041,4,2,1147
1890, 2041,4,2,1162
1891, 2041,4,2,1121
1892, 2041,4,2,1121
1893, 2041,4,2,1121
1894, 2041,4,2,1121
1895, 2041,4,2,1222
1896, 2041,4,2,1121
1897, 2041,4,2,1121
1898, 2041,4,2,1121
1899, 2041,4,2,1178
1900, 2041,4,2,1121
1901, 2041,4,2,1121
1902, 2041,4,2,1121
1903, 2041,4,2,1121
1904, 2041,4,2,1121
1905, 2041,4,2,1121
1906, 2041,4,2,1121
1907, 2041,4,2,1234
1908, 2041,4,2,1121
1909, 2041,4,2,1121
1910, 2041,4,2,1108
1911, 2041,4,2,1121
1912, 2041,4,2,1121
1913, 2041,4,2,1121
1914, 2041,4,2,1121
1915, 2041,4,2,1121
1916, 2041,4,2,1159
1917, 2041,4,2,1168
1918, 2041,4,2,1189
1919, 2041,4,2,1121
1920, 2041,4,2,1121
1921, 2041,4,2,1121
1922, 2041,4,2,1141
1923, 2041,4,2,1121
1924, 2041,4,2,1249
1925, 2041,4,2,1121
1926, 2041,4,2,1121
1927, 2041,4,2,1121
1928, 2041,4,2,1213
1929, 2041,4,2,1131
1930, 2041,4,2,1213
1931, 2041,4,2,1121
1932, 2041,4,2,1121
1933, 2041,4,2,1211
1934, 2041,4,2,1121
1935, 2041,4,2,1121
1936, 2041,4,2,1221
1937, 2041,4,2,1121
1938, 2041,4,2,1121
1939, 2041,4,2,1121
1940, 2041,4,2,1121
1941, 2041,4,2,1121
1942, 2041,4,2,1121
1943, 2041,4,2,1121
1944, 2041,4,2,1121
1945, 2041,4,2,1121
1946, 2041,4,2,1121
1947, 2041,4,2,1121
1948, 2041,4,2,1121
1949, 2041,4,2,1121
1950, 2041,4,2,1121
1951, 2041,4,2,1121
1952, 2041,4,2,1121
1953, 2041,4,2,1248
1954, 2041,4,2,1121
1955, 2041,4,2,1121
1956, 2041,4,2,1121
1957, 2041,4,2,1121
1958, 2041,4,2,1121
1959, 2041,4,2,1121
1960, 2041,4,2,1121
1961, 2041,4,2,1121
1962, 2041,4,2,1121
1963, 2041,5,2,1238
1964, 2041,4,2,1121
1965, 2041,4,3,1208
1966, 2041,4,2,1121
1967, 2041,5,2,1121
1968, 2041,4,2,1121
1969, 2041,4,2,1121
1970, 2041,4,2,1226
1971, 2041,4,2,1155
1972, 2041,4,2,1121
1973, 2041,4,2,1121
1974, 2041,4,2,1132
1975, 2041,4,2,1121
1976, 2041,4,2,1121
1977, 2041,4,2,1121
1978, 2041,4,2,1121
1979, 2041,4,2,1121
1980, 2041,4,2,1121
1981, 2041,4,2,1163
1982, 2041,4,2,1121
1983, 2041,4,2,1121
1984, 2041,4,2,1121
1985, 2041,4,2,1121
1986, 2041,4,2,1159
1987, 2041,4,2,1121
1988, 2041,4,2,1121
1989, 2041,4,2,1121
1990, 2041,4,2,1203
1991, 2041,4,2,1121
1992, 2041,4,2,1193
1993, 2041,4,2,1121
1994, 2041,4,2,1121
1995, 2041,4,2,1121
1996, 2041,4,2,1121
1997, 2041,4,2,1121
1998, 2041,4,2,1249
1999, 2041,4,2,1121
2000, 2041,4,2,1121
2001, 2041,4,2,1121
2002, 2041,4,2,1121
2003, 2041,4,2,1121
2004, 2041,4,2,1121
2005, 2041,4,2,1121
2006, 2041,4,2,1121
2007, 2041,4,2,1121
2008, 2041,4,2,1121
2009, 2041,4,2,1121
2010, 2041,4,2,1121
2011, 2041,4,2,1253
2012, 2041,4,2,1178
2013, 2041,4,2,1108
2014, 2041,4,2,1159
2015, 2041,4,2,1121
2016, 2041,4,2,1121
2017, 2041,4,2,1121
2018, 2041,4,2,1121
2019, 2041,4,2,1121
2020, 2041,4,2,1121
2021, 2041,4,2,1121
2022, 2041,4,2,1121
2023, 2041,4,2,1193
2024, 2041,4,2,1121
2025, 2041,4,2,1121
2026, 2041,4,2,1121
2027, 2041,4,2,1121
2028, 2041,4,2,1121
2029, 2041,4,2,1121
2030, 2041,4,2,1121
2031, 2041,4,2,1121
2032, 2041,4,2,1121
2033, 2041,4,2,1121
2034, 2041,4,2,1121
2035, 2041,4,2,1178
2036, 2041,4,2,1121
2037, 2041,4,2,1121
2038, 2041,4,2,1121
2039, 2041,4,2,1121
2040, 2041,4,2,1172
2041, 2041,4,2,1121
2042, 2041,4,2,1121
2043, 2041,4,2,1121
2044, 2041,4,2,1164
2045, 2041,4,2,1121
2046, 2041,4,2,1121
2047, 2041,4,2,1121
2048, 2041,4,2,1121
2049, 2041,4,2,1121
2050, 2041,4,2,1121
2051, 2041,4,2,1121
2052, 2041,5,2,1121
2053, 2041,4,2,1121
2054, 2041,4,2,1121
2055, 2041,4,2,1121
2056, 2041,4,2,1121
2057, 2041,4,2,1121
2058, 2041,4,2,1121
2059, 2041,4,2,1121
2060, 2041,4,2,1121
2061, 2041,4,2,1121
2062, 2041,4,2,1121
2063, 2041,4,2,1121
2064, 2041,4,2,1121
2065, 2041,4,2,1121
2066, 2041,4,2,1121
2067, 2041,4,3,1214
2068, 2041,4,2,1121
2069, 2041,4,2,1121
2070, 2041,4,2,1121
2071, 2041,4,2,1121
2072, 2041,4,2,1121
2073, 2041,4,2,1121
2074, 2041,4,2,1121
2075, 2041,4,2,1121
2076, 2041,4,2,1121
2077, 2041,4,2,1121
2078, 2041,4,2,1121
2079, 2041,5,2,1121
2080, 2041,4,2,1121
2081, 2041,4,2,1121
2082, 2041,4,2,1238
2083, 2041,4,2,1121
2084, 2041,4,2,1121
2085, 2041,4,2,1121
2086, 2041,4,2,1121
2087, 2041,4,2,1121
2088, 2041,4,2,1121
2089, 2041,4,2,1108
2090, 2041,5,2,1121
2091, 2041,4,2,1121
2092, 2041,4,2,1121
2093, 2041,4,2,1121
2094, 2041,4,2,1121
2095, 2041,4,2,1121
2096, 2041,4,2,1121
2097, 2041,4,2,1121
2098, 2041,4,2,1121
2099, 2041,4,2,1131
2100, 2041,4,2,1121
2101, 2041,5,2,1121
2102, 2041,4,2,1121
2103, 2041,4,2,1121
2104, 2041,4,2,1222
2105, 2041,4,2,1121
2106, 2041,4,2,1121
2107, 2041,4,2,1164
2108, 2041,4,2,1121
2109, 2041,4,2,1135
2110, 2041,4,2,1121
2111, 2041,4,2,1238
2112, 2041,4,2,1238
2113, 2041,4,2,1121
2114, 2041,4,2,1121
2115, 2041,4,2,1121
2116, 2041,5,2,1121
2117, 2041,4,2,1121
2118, 2041,5,2,1151
2119, 2041,4,2,1121
2120, 2041,4,2,1121
2121, 2041,4,2,1121
2122, 2041,4,2,1121
2123, 2041,4,2,1121
2124, 2041,4,2,1121
2125, 2041,5,2,1213
2126, 2041,4,2,1121
2127, 2041,4,2,1183
2128, 2041,4,2,1121
2129, 2041,4,2,1150
2130, 2041,4,2,1121
2131, 2041,4,2,1160
2132, 2041,4,2,1121
2133, 2041,4,2,1121
2134, 2041,4,2,1177
2135, 2041,4,2,1121
2136, 2041,4,2,1121
2137, 2041,4,2,1256
2138, 2041,4,2,1121
2139, 2041,4,2,1121
2140, 2041,4,2,1121
2141, 2041,4,2,1121
2142, 2041,4,2,1121
2143, 2041,4,2,1178
2144, 2041,4,2,1121
2145, 2041,4,2,1121
2146, 2041,4,2,1121
2147, 2041,4,2,1121
2148, 2041,4,2,1121
2149, 2041,4,2,1121
2150, 2041,4,2,1121
2151, 2041,4,2,1121
2152, 2041,4,2,1121
2153, 2041,4,2,1121
2154, 2041,4,2,1121
2155, 2041,4,2,1121
2156, 2041,4,2,1121
2157, 2041,4,2,1121
2158, 2041,4,2,1121
2159, 2041,4,2,1121
2160, 2041,4,2,1121
2161, 2041,4,2,1168
2162, 2041,4,2,1121
2163, 2041,4,2,1121
2164, 2041,4,2,1121
2165, 2041,4,2,1121
2166, 2041,4,2,1121
2167, 2041,4,2,1121
2168, 2041,4,2,1121
2169, 2041,4,2,1213
2170, 2041,4,2,1121
2171, 2041,4,2,1121
2172, 2041,4,2,1121
2173, 2041,4,2,1121
2174, 2041,4,2,1209
2175, 2041,4,2,1121
2176, 2041,4,2,1121
2177, 2041,4,2,1121
2178, 2041,4,2,1121
2179, 2041,4,2,1121
2180, 2041,4,2,1177
2181, 2041,4,2,1121
2182, 2041,4,2,1121
2183, 2041,4,2,1121
2184, 2041,4,2,1121
2185, 2041,4,2,1121
2186, 2041,4,2,1121
2187, 2041,4,2,1121
2188, 2041,4,2,1121
2189, 2041,4,2,1121
2190, 2041,4,2,1121
2191, 2041,4,2,1121
2192, 2041,4,2,1213
2193, 2041,4,2,1121
2194, 2041,4,2,1121
2195, 2041,4,2,1121
2196, 2041,4,2,1121
2197, 2041,4,2,1121
2198, 2041,4,2,1121
2199, 2041,4,2,1121
2200, 2041,4,2,1121
2201, 2041,4,2,1121
2202, 2041,4,2,1121
2203, 2041,4,2,1141
2204, 2041,4,2,1121
2205, 2041,4,2,1121
2206, 2041,4,2,1121
2207, 2041,4,2,1167
2208, 2041,4,2,1133
2209, 2041,4,2,1121
2210, 2041,5,2,1221
2211, 2041,4,2,1121
2212, 2041,4,2,1169
2213, 2041,4,2,1121
2214, 2041,4,2,1121
2215, 2041,4,2,1121
2216, 2041,4,3,1208
2217, 2041,4,2,1121
2218, 2041,4,2,1121
2219, 2041,4,2,1121
2220, 2041,4,2,1121
2221, 2041,4,3,1203
2222, 2041,4,2,1121
2223, 2041,4,2,1121
2224, 2041,4,2,1121
2225, 2041,4,2,1121
2226, 2041,4,2,1121
2227, 2041,4,2,1121
2228, 2041,4,2,1121
2229, 2041,4,2,1121
2230, 2041,4,2,1121
2231, 2041,4,2,1121
2232, 2041,4,2,1121
2233, 2041,4,2,1121
2234, 2041,4,2,1121
2235, 2041,5,2,1121
2236, 2041,4,2,1205
2237, 2041,4,2,1121
2238, 2041,4,2,1121
2239, 2041,4,2,1121
2240, 2041,4,2,1121
2241, 2041,4,2,1121
2242, 2041,4,2,1121
2243, 2041,4,2,1121
2244, 2041,4,2,1121
2245, 2041,4,2,1121
2246, 2041,5,2,1121
2247, 2041,4,2,1218
2248, 2041,4,2,1121
2249, 2041,4,2,1123
2250, 2041,5,2,1121
2251, 2041,4,2,1121
2252, 2041,4,2,1193
2253, 2041,4,2,1121
2254, 2041,4,2,1121
2255, 2041,4,2,1121
2256, 2041,4,2,1121
2257, 2041,4,2,1121
2258, 2041,4,2,1121
2259, 2041,4,2,1121
2260, 2041,5,2,1268
2261, 2041,4,2,1121
2262, 2041,4,2,1121
2263, 2041,4,2,1121
2264, 2041,4,2,1121
2265, 2041,4,2,1121
2266, 2041,4,2,1121
2267, 2041,4,2,1121
2268, 2041,4,2,1103
2269, 2041,4,2,1256
2270, 2041,4,2,1144
2271, 2041,4,2,1121
2272, 2041,4,2,1121
2273, 2041,4,2,1121
2274, 2041,4,2,1121
2275, 2041,4,2,1121
2276, 2041,4,2,1121
2277, 2041,4,2,1121
2278, 2041,4,2,1121
2279, 2041,4,2,1189
2280, 2041,4,2,1121
2281, 2041,4,2,1121
2282, 2041,4,2,1121
2283, 2041,4,2,1121
2284, 2041,4,2,1121
2285, 2041,4,2,1164
2286, 2041,4,2,1157
2287, 2041,4,2,1188
2288, 2041,4,2,1165
2289, 2041,4,2,1121
2290, 2041,4,2,1121
2291, 2041,4,2,1121
2292, 2041,4,2,1121
2293, 2041,4,2,1121
2294, 2041,4,2,1190
2295, 2041,4,2,1121
2296, 2041,4,2,1121
2297, 2041,4,2,1121
2298, 2041,4,2,1121
2299, 2041,4,2,1121
2300, 2041,5,2,1153
2301, 2041,4,2,1121
2302, 2041,4,2,1121
2303, 2041,4,2,1121
2304, 2041,4,2,1121
2305, 2041,4,2,1121
2306, 2041,4,2,1121
2307, 2041,4,2,1121
2308, 2041,4,2,1209
2309, 2041,4,2,1149
2310, 2041,4,2,1121
2311, 2041,5,2,1231
2312, 2041,4,2,1121
2313, 2041,4,2,1287
2314, 2041,4,2,1121
2315, 2041,4,2,1121
2316, 2041,4,2,1121
2317, 2041,4,2,1121
2318, 2041,4,2,1121
2319, 2041,4,2,1121
2320, 2041,4,2,1121
2321, 2041,4,2,1121
2322, 2041,4,2,1137
2323, 2041,4,2,1121
2324, 2041,4,2,1121
2325, 2041,4,2,1137
2326, 2041,4,2,1121
2327, 2041,4,2,1121
2328, 2041,5,2,1238
2329, 2041,4,2,1121
2330, 2041,4,2,1121
2331, 2041,4,2,1121
2332, 2041,4,2,1141
2333, 2041,4,2,1167
2334, 2041,4,3,1108
2335, 2041,4,2,1121
2336, 2041,4,3,1108
2337, 2041,4,2,1121
2338, 2041,5,2,1121
2339, 2041,4,2,1261
2340, 2041,4,2,1121
2341, 2041,4,2,1121
2342, 2041,4,2,1121
2343, 2041,4,2,1121
2344, 2041,4,2,1121
2345, 2041,4,2,1121
2346, 2041,4,3,1203
2347, 2041,4,3,1203
2348, 2041,5,2,1121
2349, 2041,4,2,1193
2350, 2041,4,2,1121
2351, 2041,4,2,1121
2352, 2041,4,2,1121
2353, 2041,4,2,1121
2354, 2041,4,2,1121
2355, 2041,4,2,1121
2356, 2041,4,2,1121
2357, 2041,4,2,1121
2358, 2041,4,2,1121
2359, 2041,4,2,1121
2360, 2041,4,2,1121
2361, 2041,4,2,1121
2362, 2041,5,2,1121
2363, 2041,4,2,1121
2364, 2041,4,2,1121
2365, 2041,4,2,1121
2366, 2041,4,2,1121
2367, 2041,5,2,1171
2368, 2041,4,2,1121
2369, 2041,4,2,1121
2370, 2041,4,2,1121
2371, 2041,4,2,1121
2372, 2041,4,2,1121
2373, 2041,4,2,1121
2374, 2041,4,2,1121
2375, 2041,4,2,1121
2376, 2041,4,2,1108
2377, 2041,4,2,1121
2378, 2041,4,2,1121
2379, 2041,4,2,1121
2380, 2041,4,2,1167
2381, 2041,4,2,1121
2382, 2041,4,2,1121
2383, 2041,4,2,1121
2384, 2041,4,2,1121
2385, 2041,4,2,1121
2386, 2041,5,2,1121
2387, 2041,4,2,1121
2388, 2041,4,2,1121
2389, 2041,4,2,1121
2390, 2041,4,2,1121
2391, 2041,4,2,1121
2392, 2041,4,2,1121
2393, 2041,4,2,1121
2394, 2041,4,2,1121
2395, 2041,4,2,1121
2396, 2041,4,2,1121
2397, 2041,4,2,1121
2398, 2041,4,2,1121
2399, 2041,4,2,1121
2400, 2041,4,2,1121
2401, 2041,4,2,1121
2402, 2041,4,2,1121
2403, 2041,4,2,1121
2404, 2041,4,2,1121
2405, 2041,4,2,1121
2406, 2041,4,2,1121
2407, 2041,4,2,1121
2408, 2041,4,2,1169
2409, 2041,4,2,1121
2410, 2041,4,2,1121
2411, 2041,4,2,1121
2412, 2041,4,2,1121
2413, 2041,4,2,1121
2414, 2041,4,2,1121
2415, 2041,4,2,1121
2416, 2041,4,2,1121
2417, 2041,4,2,1121
2418, 2041,4,2,1146
2419, 2041,4,2,1159
2420, 2041,4,2,1129
2421, 2041,4,2,1121
2422, 2041,4,2,1121
2423, 2041,4,2,1218
2424, 2041,4,2,1121
2425, 2041,4,2,1226
2426, 2041,4,2,1121
2427, 2041,4,2,1121
2428, 2041,4,2,1121
2429, 2041,4,2,1121
2430, 2041,4,2,1223
2431, 2041,4,2,1121
2432, 2041,4,2,1121
2433, 2041,4,2,1121
2434, 2041,4,2,1121
2435, 2041,5,2,1154
2436, 2041,4,2,1121
2437, 2041,4,2,1121
2438, 2041,4,2,1121
2439, 2041,4,2,1121
2440, 2041,4,2,1121
2441, 2041,4,2,1183
2442, 2041,4,2,1121
2443, 2041,4,2,1121
2444, 2041,5,2,1203
2445, 2041,4,2,1121
2446, 2041,4,2,1121
2447, 2041,4,2,1121
2448, 2041,4,2,1121
2449, 2041,4,2,1121
2450, 2041,4,2,1121
2451, 2041,4,2,1193
2452, 2041,4,2,1121
2453, 2041,4,2,1172
2454, 2041,4,2,1121
2455, 2041,4,2,1121
2456, 2041,4,2,1121
2457, 2041,4,2,1121
2458, 2041,4,2,1121
2459, 2041,4,2,1121
2460, 2041,4,2,1121
2461, 2041,4,2,1256
2462, 2041,4,2,1108
2463, 2041,4,2,1121
2464, 2041,4,2,1108
2465, 2041,4,2,1121
2466, 2041,4,2,1121
2467, 2041,4,2,1231
2468, 2041,4,2,1121
2469, 2041,4,2,1121
2470, 2041,4,2,1121
2471, 2041,4,2,1148
2472, 2041,4,2,1148
2473, 2041,4,2,1148
2474, 2041,4,2,1121
2475, 2041,4,2,1121
2476, 2041,4,2,1121
2477, 2041,4,2,1193
2478, 2041,4,2,1203
2479, 2041,4,2,1121
2480, 2041,4,2,1121
2481, 2041,4,2,1121
2482, 2041,4,2,1121
2483, 2041,4,2,1233
2484, 2041,4,2,1121
2485, 2041,4,2,1121
2486, 2041,5,2,1213
2487, 2041,4,2,1121
2488, 2041,4,2,1121
2489, 2041,4,2,1121
2490, 2041,4,2,1121
2491, 2041,4,2,1121
2492, 2041,4,2,1121
2493, 2041,4,2,1121
2494, 2041,4,2,1121
2495, 2041,4,2,1121
2496, 2041,4,2,1121
2497, 2041,4,2,1188
2498, 2041,4,2,1121
2499, 2041,4,2,1121
2500, 2041,4,2,1121
2501, 2041,4,2,1121
2502, 2041,4,2,1121
2503, 2041,4,2,1121
2504, 2041,4,2,1121
2505, 2041,4,2,1144
2506, 2041,4,2,1121
2507, 2041,4,2,1121
2508, 2041,4,2,1173
2509, 2041,4,2,1121
2510, 2041,4,2,1121
2511, 2041,4,2,1121
2512, 2041,4,2,1162
2513, 2041,4,2,1121
2514, 2041,4,2,1121
2515, 2041,4,2,1121
2516, 2041,4,2,1121
2517, 2041,4,2,1211
2518, 2041,4,2,1211
2519, 2041,4,2,1121
2520, 2041,4,2,1121
2521, 2041,4,2,1249
2522, 2041,4,2,1162
2523, 2041,4,2,1121
2524, 2041,4,2,1121
2525, 2041,4,2,1121
2526, 2041,4,2,1121
2527, 2041,4,2,1169
2528, 2041,4,2,1121
2529, 2041,4,2,1121
2530, 2041,4,2,1273
2531, 2041,4,2,1121
2532, 2041,4,2,1121
2533, 2041,4,2,1121
2534, 2041,4,2,1121
2535, 2041,4,2,1121
2536, 2041,4,2,1121
2537, 2041,4,2,1233
2538, 2041,4,2,1233
2539, 2041,4,2,1121
2540, 2041,4,2,1121
2541, 2041,4,2,1121
2542, 2041,4,2,1121
2543, 2041,4,2,1121
2544, 2041,4,2,1121
2545, 2041,4,2,1222
2546, 2041,4,2,1134
2547, 2041,5,2,1238
2548, 2041,4,2,1261
2549, 2041,4,2,1121
2550, 2041,4,2,1121
2551, 2041,4,2,1164
2552, 2041,4,2,1121
2553, 2041,4,2,1121
2554, 2041,4,2,1121
2555, 2041,4,2,1230
2556, 2041,4,2,1121
2557, 2041,4,2,1232
2558, 2041,4,2,1121
2559, 2041,4,2,1121
2560, 2041,4,2,1177
2561, 2041,4,2,1121
2562, 2041,4,2,1121
2563, 2041,4,2,1121
2564, 2041,4,2,1121
2565, 2041,4,2,1121
2566, 2041,4,2,1213
2567, 2041,4,2,1121
2568, 2041,4,2,1173
2569, 2041,4,2,1146
2570, 2041,4,2,1121
2571, 2041,4,2,1121
2572, 2041,4,2,1121
2573, 2041,4,2,1121
2574, 2041,4,2,1121
2575, 2041,4,2,1121
2576, 2041,4,2,1121
2577, 2041,4,2,1121
2578, 2041,4,2,1121
2579, 2041,4,2,1121
2580, 2041,4,2,1221
2581, 2041,5,2,1121
2582, 2041,4,2,1121
2583, 2041,4,2,1173
2584, 2041,4,2,1121
2585, 2041,4,2,1121
2586, 2041,4,2,1121
2587, 2041,4,2,1121
2588, 2041,4,2,1121
2589, 2041,4,2,1206
2590, 2041,4,2,1159
2591, 2041,4,2,1121
2592, 2041,4,2,1121
2593, 2041,4,2,1121
2594, 2041,4,2,1121
2595, 2041,4,2,1121
2596, 2041,4,2,1121
2597, 2041,4,2,1121
2598, 2041,4,2,1108
2599, 2041,4,2,1121
2600, 2041,4,2,1121
2601, 2041,4,2,1121
2602, 2041,4,2,1121
2603, 2041,4,2,1121
2604, 2041,4,2,1121
2605, 2041,4,2,1121
2606, 2041,5,2,1121
2607, 2041,4,2,1121
2608, 2041,4,2,1219
2609, 2041,4,2,1121
2610, 2041,4,2,1121
2611, 2041,4,2,1121
2612, 2041,4,2,1121
2613, 2041,4,2,1223
2614, 2041,4,2,1170
2615, 2041,4,2,1138
2616, 2041,4,2,1172
2617, 2041,4,2,1121
2618, 2041,4,2,1121
2619, 2041,4,2,1121
2620, 2041,4,2,1121
2621, 2041,4,2,1121
2622, 2041,4,2,1121
2623, 2041,4,2,1121
2624, 2041,4,2,1121
2625, 2041,4,2,1121
2626, 2041,4,2,1121
2627, 2041,4,2,1121
2628, 2041,4,2,1121
2629, 2041,4,2,1121
2630, 2041,4,2,1226
2631, 2041,4,2,1121
2632, 2041,4,2,1121
2633, 2041,4,2,1121
2634, 2041,4,2,1121
2635, 2041,4,2,1121
2636, 2041,4,2,1148
2637, 2041,4,2,1148
2638, 2041,4,2,1121
2639, 2041,4,2,1121
2640, 2041,4,2,1121
2641, 2041,4,2,1123
2642, 2041,4,2,1121
2643, 2041,4,2,1121
2644, 2041,4,2,1121
2645, 2041,4,2,1121
2646, 2041,4,2,1179
2647, 2041,4,2,1121
2648, 2041,4,2,1121
2649, 2041,4,2,1121
2650, 2041,4,2,1121
2651, 2041,4,2,1121
2652, 2041,4,2,1193
2653, 2041,4,2,1121
2654, 2041,4,2,1121
2655, 2041,4,2,1121
2656, 2041,4,2,1121
2657, 2041,4,2,1121
2658, 2041,4,2,1121
2659, 2041,4,2,1108
2660, 2041,4,2,1121
2661, 2041,4,2,1121
2662, 2041,4,2,1121
2663, 2041,4,2,1121
2664, 2041,4,2,1121
2665, 2041,5,2,1140
2666, 2041,4,2,1121
2667, 2041,4,2,1121
2668, 2041,4,2,1121
2669, 2041,4,2,1121
2670, 2041,4,2,1121
2671, 2041,5,2,1121
2672, 2041,4,2,1121
2673, 2041,4,2,1121
2674, 2041,4,2,1121
2675, 2041,4,2,1121
2676, 2041,4,2,1121
2677, 2041,4,2,1142
2678, 2041,4,2,1121
2679, 2041,4,2,1121
2680, 2041,4,2,1121
2681, 2041,4,2,1121
2682, 2041,4,2,1121
2683, 2041,4,2,1238
2684, 2041,4,2,1121
2685, 2041,4,2,1247
2686, 2041,4,2,1142
2687, 2041,4,2,1121
2688, 2041,4,2,1172
2689, 2041,4,2,1121
2690, 2041,4,2,1121
2691, 2041,4,2,1121
2692, 2041,4,2,1121
2693, 2041,4,2,1121
2694, 2041,4,2,1121
2695, 2041,4,2,1121
2696, 2041,4,2,1121
2697, 2041,4,2,1121
2698, 2041,4,2,1121
2699, 2041,4,2,1121
2700, 2041,4,2,1121
2701, 2041,4,2,1121
2702, 2041,4,2,1121
2703, 2041,4,2,1121
2704, 2041,4,2,1121
2705, 2041,4,2,1172
2706, 2041,4,2,1121
2707, 2041,4,2,1121
2708, 2041,4,2,1256
2709, 2041,4,2,1214
2710, 2041,4,2,1121
2711, 2041,4,2,1121
2712, 2041,4,2,1121
2713, 2041,4,2,1246
2714, 2041,4,2,1121
2715, 2041,4,2,1121
2716, 2041,4,2,1121
2717, 2041,4,2,1121
2718, 2041,4,2,1121
2719, 2041,4,2,1121
2720, 2041,4,2,1121
2721, 2041,4,2,1121
2722, 2041,4,2,1121
2723, 2041,4,2,1121
2724, 2041,4,2,1202
2725, 2041,4,2,1121
2726, 2041,4,2,1121
2727, 2041,4,2,1121
2728, 2041,4,2,1121
2729, 2041,4,2,1167
2730, 2041,4,2,1169
2731, 2041,4,2,1121
2732, 2041,4,2,1271
2733, 2041,4,2,1247
2734, 2041,4,2,1121
2735, 2041,4,2,1121
2736, 2041,4,2,1121
2737, 2041,5,2,1209
2738, 2041,4,2,1121
2739, 2041,4,2,1121
2740, 2041,4,2,1121
2741, 2041,4,2,1121
2742, 2041,4,2,1121
2743, 2041,4,2,1121
2744, 2041,4,2,1121
2745, 2041,4,2,1206
2746, 2041,4,2,1121
2747, 2041,4,2,1121
2748, 2041,4,2,1121
2749, 2041,4,2,1121
2750, 2041,4,2,1121
2751, 2041,4,2,1121
2752, 2041,4,2,1194
2753, 2041,4,2,1121
2754, 2041,4,2,1194
2755, 2041,4,2,1121
2756, 2041,4,2,1121
2757, 2041,4,2,1121
2758, 2041,4,2,1123
2759, 2041,4,2,1121
2760, 2041,4,2,1123
2761, 2041,4,2,1121
2762, 2041,4,2,1121
2763, 2041,4,2,1121
2764, 2041,4,2,1180
2765, 2041,4,2,1121
2766, 2041,4,2,1121
2767, 2041,4,2,1121
2768, 2041,4,2,1121
2769, 2041,4,2,1121
2770, 2041,4,2,1238
2771, 2041,4,2,1121
2772, 2041,4,2,1121
2773, 2041,4,2,1233
2774, 2041,4,2,1121
2775, 2041,4,2,1121
2776, 2041,4,2,1121
2777, 2041,4,2,1121
2778, 2041,4,2,1121
2779, 2041,4,2,1121
2780, 2041,4,2,1121
2781, 2041,4,2,1121
2782, 2041,4,2,1213
2783, 2041,4,2,1121
2784, 2041,4,2,1121
2785, 2041,4,2,1121
2786, 2041,4,2,1121
2787, 2041,4,2,1121
2788, 2041,4,2,1229
2789, 2041,4,2,1181
2790, 2041,4,2,1208
2791, 2041,4,2,1121
2792, 2041,4,2,1121
2793, 2041,4,2,1121
2794, 2041,4,2,1121
2795, 2041,4,2,1121
2796, 2041,4,2,1121
2797, 2041,4,2,1121
2798, 2041,4,2,1121
2799, 2041,4,2,1121
2800, 2041,4,2,1121
2801, 2041,4,2,1121
2802, 2041,4,2,1236
2803, 2041,4,2,1121
2804, 2041,4,2,1121
2805, 2041,4,2,1121
2806, 2041,4,2,1121
2807, 2041,4,2,1121
2808, 2041,4,2,1121
2809, 2041,4,2,1137
2810, 2041,4,2,1121
2811, 2041,4,2,1121
2812, 2041,4,2,1121
2813, 2041,4,2,1121
2814, 2041,4,2,1137
2815, 2041,4,2,1121
2816, 2041,4,2,1121
2817, 2041,4,2,1159
2818, 2041,4,2,1121
2819, 2041,4,2,1202
2820, 2041,4,2,1121
2821, 2041,4,2,1121
2822, 2041,4,2,1121
2823, 2041,4,2,1121
2824, 2041,4,2,1121
2825, 2041,4,2,1121
2826, 2041,4,2,1121
2827, 2041,4,2,1121
2828, 2041,4,2,1121
2829, 2041,4,2,1121
2830, 2041,4,2,1121
2831, 2041,4,2,1199
2832, 2041,4,2,1121
2833, 2041,4,2,1121
2834, 2041,4,2,1121
2835, 2041,4,2,1193
2836, 2041,4,2,1178
2837, 2041,4,2,1146
2838, 2041,4,2,1178
2839, 2041,4,2,1121
2840, 2041,4,2,1163
2841, 2041,4,2,1121
2842, 2041,4,2,1190
2843, 2041,4,2,1121
2844, 2041,4,2,1121
2845, 2041,4,2,1121
2846, 2041,4,2,1121
2847, 2041,4,2,1121
2848, 2041,4,2,1121
2849, 2041,4,2,1121
2850, 2041,4,2,1121
2851, 2041,4,2,1147
2852, 2041,4,2,1121
2853, 2041,4,2,1121
2854, 2041,4,2,1121
2855, 2041,4,2,1121
2856, 2041,4,2,1121
2857, 2041,5,2,1158
2858, 2041,4,2,1121
2859, 2041,4,2,1121
2860, 2041,4,2,1121
2861, 2041,4,2,1163
2862, 2041,4,2,1121
2863, 2041,4,2,1238
2864, 2041,4,2,1121
2865, 2041,4,2,1121
2866, 2041,4,2,1121
2867, 2041,4,2,1121
2868, 2041,4,2,1121
2869, 2041,4,2,1121
2870, 2041,4,2,1121
2871, 2041,4,2,1121
2872, 2041,4,2,1238
2873, 2041,4,3,1234
2874, 2041,4,2,1121
2875, 2041,4,2,1121
2876, 2041,4,2,1121
2877, 2041,4,2,1121
2878, 2041,4,2,1121
2879, 2041,4,2,1121
2880, 2041,4,2,1121
2881, 2041,4,2,1121
2882, 2041,4,2,1231
2883, 2041,5,2,1121
2884, 2041,4,2,1121
2885, 2041,4,2,1121
2886, 2041,4,2,1121
2887, 2041,4,2,1121
2888, 2041,4,2,1121
2889, 2041,4,2,1121
2890, 2041,4,2,1121
2891, 2041,4,2,1121
2892, 2041,4,2,1121
2893, 2041,4,2,1131
2894, 2041,4,2,1121
2895, 2041,4,2,1121
2896, 2041,4,2,1135
2897, 2041,4,2,1121
2898, 2041,4,2,1141
2899, 2041,4,2,1121
2900, 2041,4,2,1191
2901, 2041,4,2,1121
2902, 2041,4,2,1121
2903, 2041,4,2,1121
2904, 2041,4,2,1121
2905, 2041,4,2,1121
2906, 2041,4,2,1121
2907, 2041,4,2,1121
2908, 2041,4,2,1121
2909, 2041,4,2,1121
2910, 2041,4,2,1121
2911, 2041,4,2,1121
2912, 2041,4,2,1121
2913, 2041,4,2,1121
2914, 2041,4,2,1121
2915, 2041,4,2,1121
2916, 2041,4,2,1121
2917, 2041,4,2,1121
2918, 2041,4,2,1121
2919, 2041,4,2,1121
2920, 2041,4,2,1121
2921, 2041,4,2,1121
2922, 2041,4,2,1121
2923, 2041,4,2,1121
2924, 2041,4,2,1121
2925, 2041,4,2,1121
2926, 2041,4,2,1238
2927, 2041,4,2,1238
2928, 2041,4,2,1240
2929, 2041,4,2,1173
2930, 2041,4,2,1173
2931, 2041,4,2,1121
2932, 2041,4,2,1121
2933, 2041,4,2,1121
2934, 2041,4,2,1121
2935, 2041,4,2,1121
2936, 2041,5,2,1238
2937, 2041,4,2,1121
2938, 2041,4,2,1121
2939, 2041,4,2,1121
2940, 2041,4,2,1121
2941, 2041,4,2,1121
2942, 2041,4,2,1108
2943, 2041,4,2,1121
2944, 2041,4,2,1121
2945, 2041,4,2,1121
2946, 2041,4,2,1121
2947, 2041,5,2,1121
2948, 2041,4,2,1121
2949, 2041,4,2,1121
2950, 2041,4,2,1121
2951, 2041,4,2,1121
2952, 2041,4,2,1210
2953, 2041,4,2,1121
2954, 2041,4,2,1121
2955, 2041,4,2,1121
2956, 2041,4,2,1121
2957, 2041,4,2,1121
2958, 2041,4,2,1121
2959, 2041,4,2,1121
2960, 2041,4,2,1121
2961, 2041,4,2,1121
2962, 2041,4,2,1121
2963, 2041,4,2,1121
2964, 2041,4,2,1121
2965, 2041,5,2,1159
2966, 2041,4,2,1121
2967, 2041,4,2,1121
2968, 2041,4,2,1121
2969, 2041,4,2,1121
2970, 2041,4,2,1121
2971, 2041,4,2,1121
2972, 2041,4,2,1121
2973, 2041,4,2,1121
2974, 2041,4,2,1121
2975, 2041,4,2,1121
2976, 2041,4,2,1144
2977, 2041,4,2,1184
2978, 2041,4,2,1206
2979, 2041,4,2,1121
2980, 2041,4,2,1142
2981, 2041,4,2,1121
2982, 2041,4,2,1121
2983, 2041,4,2,1193
2984, 2041,4,2,1121
2985, 2041,4,2,1121
2986, 2041,5,2,1121
2987, 2041,5,2,1151
2988, 2041,4,2,1121
2989, 2041,4,2,1146
2990, 2041,4,2,1178
2991, 2041,4,2,1236
2992, 2041,4,2,1121
2993, 2041,4,2,1121
2994, 2041,4,2,1121
2995, 2041,4,2,1121
2996, 2041,4,2,1121
2997, 2041,5,2,1121
2998, 2041,4,2,1121
2999, 2041,4,2,1121
3000, 2041,4,2,1121
3001, 2041,4,2,1121
3002, 2041,4,2,1121
3003, 2041,4,2,1121
3004, 2041,5,2,1121
3005, 2041,4,2,1121
3006, 2041,4,2,1121
3007, 2041,4,2,1121
3008, 2041,4,2,1121
3009, 2041,4,2,1121
3010, 2041,4,2,1121
3011, 2041,4,2,1121
3012, 2041,4,2,1121
3013, 2041,4,2,1121
3014, 2041,4,2,1168
3015, 2041,4,2,1121
3016, 2041,4,2,1121
3017, 2041,4,2,1121
3018, 2041,4,2,1147
3019, 2041,4,2,1121
3020, 2041,4,2,1121
3021, 2041,4,2,1121
3022, 2041,4,2,1121
3023, 2041,4,2,1121
3024, 2041,4,2,1121
3025, 2041,4,2,1121
3026, 2041,4,2,1261
3027, 2041,4,2,1121
3028, 2041,4,2,1121
3029, 2041,4,2,1121
3030, 2041,4,2,1121
3031, 2041,4,2,1121
3032, 2041,4,2,1121
3033, 2041,4,2,1188
3034, 2041,4,2,1121
3035, 2041,4,2,1121
3036, 2041,4,2,1121
3037, 2041,4,2,1121
3038, 2041,4,2,1121
3039, 2041,4,2,1256
3040, 2041,4,2,1121
3041, 2041,4,2,1121
3042, 2041,4,2,1121
3043, 2041,5,2,1121
3044, 2041,4,2,1233
3045, 2041,4,2,1121
3046, 2041,4,2,1121
3047, 2041,4,2,1121
3048, 2041,4,2,1121
3049, 2041,4,2,1121
3050, 2041,4,2,1121
3051, 2041,4,2,1172
3052, 2041,4,2,1121
3053, 2041,4,2,1121
3054, 2041,4,2,1121
3055, 2041,4,2,1121
3056, 2041,4,2,1218
3057, 2041,4,2,1121
3058, 2041,4,2,1121
3059, 2041,4,2,1121
3060, 2041,4,2,1121
3061, 2041,4,2,1121
3062, 2041,4,2,1121
3063, 2041,4,2,1121
3064, 2041,4,2,1121
3065, 2041,4,2,1121
3066, 2041,4,2,1121
3067, 2041,4,2,1121
3068, 2041,4,2,1121
3069, 2041,4,2,1121
3070, 2041,4,2,1121
3071, 2041,4,2,1137
3072, 2041,4,2,1121
3073, 2041,4,2,1121
3074, 2041,4,2,1121
3075, 2041,4,2,1121
3076, 2041,4,2,1121
3077, 2041,4,2,1121
3078, 2041,4,2,1121
3079, 2041,4,2,1121
3080, 2041,4,2,1121
3081, 2041,4,2,1121
3082, 2041,4,2,1121
3083, 2041,4,2,1121
3084, 2041,4,2,1121
3085, 2041,4,2,1137
3086, 2041,4,2,1121
3087, 2041,4,2,1121
3088, 2041,4,2,1159
3089, 2041,4,2,1121
3090, 2041,4,2,1121
3091, 2041,4,2,1137
3092, 2041,4,2,1121
3093, 2041,4,2,1208
3094, 2041,4,2,1169
3095, 2041,4,2,1121
3096, 2041,4,2,1240
3097, 2041,4,2,1249
3098, 2041,4,2,1121
3099, 2041,4,2,1131
3100, 2041,4,2,1121
3101, 2041,4,2,1121
3102, 2041,4,2,1216
3103, 2041,4,2,1216
3104, 2041,4,2,1121
3105, 2041,4,2,1121
3106, 2041,4,2,1121
3107, 2041,4,2,1121
3108, 2041,4,2,1121
3109, 2041,4,2,1121
3110, 2041,4,2,1121
3111, 2041,4,2,1121
3112, 2041,4,2,1159
3113, 2041,4,2,1181
3114, 2041,4,2,1121
3115, 2041,4,2,1196
3116, 2041,4,2,1121
3117, 2041,4,2,1121
3118, 2041,4,2,1121
3119, 2041,4,2,1172
3120, 2041,4,2,1121
3121, 2041,4,2,1121
3122, 2041,4,2,1121
3123, 2041,4,2,1121
3124, 2041,5,2,1121
3125, 2041,4,2,1121
3126, 2041,4,2,1196
3127, 2041,4,2,1121
3128, 2041,4,2,1181
3129, 2041,4,2,1121
3130, 2041,4,2,1121
3131, 2041,4,2,1121
3132, 2041,4,2,1121
3133, 2041,4,2,1121
3134, 2041,4,2,1121
3135, 2041,4,2,1121
3136, 2041,4,2,1121
3137, 2041,4,2,1121
3138, 2041,4,2,1121
3139, 2041,4,2,1121
3140, 2041,4,2,1148
3141, 2041,4,2,1121
3142, 2041,4,2,1121
3143, 2041,4,2,1121
3144, 2041,4,2,1195
3145, 2041,4,2,1121
3146, 2041,4,2,1121
3147, 2041,4,2,1121
3148, 2041,4,2,1121
3149, 2041,4,2,1121
3150, 2041,4,2,1131
3151, 2041,4,2,1121
3152, 2041,4,2,1121
3153, 2041,4,2,1167
3154, 2041,4,2,1121
3155, 2041,4,2,1192
3156, 2041,4,2,1121
3157, 2041,6,2,1121
3158, 2041,4,2,1108
3159, 2041,5,2,1121
3160, 2041,4,2,1121
3161, 2041,4,2,1121
3162, 2041,4,2,1121
3163, 2041,4,2,1238
3164, 2041,4,2,1121
3165, 2041,4,2,1121
3166, 2041,4,2,1149
3167, 2041,4,2,1121
3168, 2041,4,2,1121
3169, 2041,4,2,1121
3170, 2041,5,2,1121
3171, 2041,4,2,1121
3172, 2041,4,2,1247
3173, 2041,5,2,1154
3174, 2041,4,2,1121
3175, 2041,4,2,1121
3176, 2041,4,2,1121
3177, 2041,4,2,1108
3178, 2041,4,2,1121
3179, 2041,4,2,1121
3180, 2041,4,2,1121
3181, 2041,4,2,1121
3182, 2041,4,2,1121
3183, 2041,4,2,1121
3184, 2041,4,2,1121
3185, 2041,4,2,1121
3186, 2041,4,2,1121
3187, 2041,4,2,1121
3188, 2041,4,2,1121
3189, 2041,4,2,1121
3190, 2041,4,2,1121
3191, 2041,4,2,1121
3192, 2041,4,2,1121
3193, 2041,4,2,1121
3194, 2041,4,2,1121
3195, 2041,4,2,1121
3196, 2041,4,2,1159
3197, 2041,4,2,1121
3198, 2041,4,2,1121
3199, 2041,4,2,1121
3200, 2041,4,2,1154
3201, 2041,4,2,1256
3202, 2041,4,2,1216
3203, 2041,4,2,1121
3204, 2041,4,2,1221
3205, 2041,4,2,1121
3206, 2041,4,2,1218
3207, 2041,4,2,1240
3208, 2041,4,2,1121
3209, 2041,4,2,1221
3210, 2041,4,2,1121
3211, 2041,4,2,1218
3212, 2041,4,2,1121
3213, 2041,4,2,1121
3214, 2041,4,2,1121
3215, 2041,4,2,1121
3216, 2041,4,2,1121
3217, 2041,5,2,1188
3218, 2041,4,2,1218
3219, 2041,4,2,1121
3220, 2041,4,2,1131
3221, 2041,4,2,1249
3222, 2041,4,2,1121
3223, 2041,4,2,1121
3224, 2041,4,2,1191
3225, 2041,4,2,1121
3226, 2041,4,2,1218
3227, 2041,4,2,1121
3228, 2041,4,2,1216
3229, 2041,4,2,1121
3230, 2041,4,2,1121
3231, 2041,4,2,1129
3232, 2041,4,2,1121
3233, 2041,4,2,1121
3234, 2041,4,2,1121
3235, 2041,5,2,1121
3236, 2041,5,2,1121
3237, 2041,4,2,1121
3238, 2041,4,2,1121
3239, 2041,4,2,1121
3240, 2041,4,2,1121
3241, 2041,4,2,1121
3242, 2041,4,2,1121
3243, 2041,4,2,1121
3244, 2041,4,2,1121
3245, 2041,4,2,1121
3246, 2041,4,2,1225
3247, 2041,4,2,1121
3248, 2041,4,2,1121
3249, 2041,4,2,1121
3250, 2041,4,2,1121
3251, 2041,4,2,1121
3252, 2041,4,2,1121
3253, 2041,4,2,1173
3254, 2041,4,2,1121
3255, 2041,5,2,1108
3256, 2041,4,2,1121
3257, 2041,4,2,1121
3258, 2041,4,2,1121
3259, 2041,4,2,1121
3260, 2041,4,2,1177
3261, 2041,5,2,1121
3262, 2041,4,2,1121
3263, 2041,4,2,1121
3264, 2041,5,2,1201
3265, 2041,4,2,1121
3266, 2041,4,3,1221
3267, 2041,4,2,1178
3268, 2041,4,2,1178
3269, 2041,4,2,1121
3270, 2041,4,2,1121
3271, 2041,4,2,1121
3272, 2041,4,2,1172
3273, 2041,4,2,1121
3274, 2041,4,2,1211
3275, 2041,4,2,1146
3276, 2041,4,2,1121
3277, 2041,4,2,1121
3278, 2041,4,2,1121
3279, 2041,4,2,1121
3280, 2041,4,2,1121
3281, 2041,4,2,1121
3282, 2041,4,2,1121
3283, 2041,4,2,1121
3284, 2041,4,2,1121
3285, 2041,4,2,1121
3286, 2041,4,2,1121
3287, 2041,4,2,1121
3288, 2041,4,2,1234
3289, 2041,4,2,1121
3290, 2041,4,2,1121
3291, 2041,4,2,1121
3292, 2041,4,2,1121
3293, 2041,4,2,1121
3294, 2041,4,2,1164
3295, 2041,4,2,1121
3296, 2041,4,2,1121
3297, 2041,4,2,1190
3298, 2041,4,2,1121
3299, 2041,4,2,1199
3300, 2041,4,2,1164
3301, 2041,4,2,1121
3302, 2041,4,2,1121
